998
0.000000000000000000e+00 3.375608065941734091e-23 0.000000000000000000e+00
2.797255259994801357e+19 2.976382385321259284e-23 2.420386667551536448e+04
3.278560338133880832e+19 2.698057376401095041e-23 2.884549855591212327e+04
3.743532067479030989e+19 2.492426352860906123e-23 3.341698558418928587e+04
4.199133705360436429e+19 2.333961324195919821e-23 3.796416531610793027e+04
4.649001709167113011e+19 2.207870440853300311e-23 4.250896226293392101e+04
5.095226517508263117e+19 2.104985174792554744e-23 4.706262723781685781e+04
5.539091867889278976e+19 2.019316434505880112e-23 5.163110251073550171e+04
5.981424838312475034e+19 1.946783999730837168e-23 5.621749262119643390e+04
6.422777840356716544e+19 1.884510594301784974e-23 6.082330876181486383e+04
6.863530146295035494e+19 1.830407938226010883e-23 6.544913802969532117e+04
7.303947735211216896e+19 1.782922910231491439e-23 7.009502165071034688e+04
7.744220168923824128e+19 1.740875907295454790e-23 7.476067697924141248e+04
8.184484157878699622e+19 1.703354538007029401e-23 7.944563160649445490e+04
8.624839087627789926e+19 1.669641726874624804e-23 8.414930611307370418e+04
9.065357516678356992e+19 1.639165888605571131e-23 8.887106587492641120e+04
9.506092433671572685e+19 1.611465645451218605e-23 9.361025374694957281e+04
9.947082371602284544e+19 1.586164359761205880e-23 9.836621068833135359e+04
1.038835507274876191e+20 1.562951433575413098e-23 1.031382886609478883e+05
1.082993015387549532e+20 1.541568363723515722e-23 1.079258585157908965e+05
1.127182106964275855e+20 1.521798196935897074e-23 1.127283146013652295e+05
1.171403657562668728e+20 1.503457454119444151e-23 1.175450772190291755e+05
1.215658182953876849e+20 1.486389873501739123e-23 1.223755936647579074e+05
1.259945922754633073e+20 1.470461511172733927e-23 1.272193383485716768e+05
1.304266904443405107e+20 1.455556866819010526e-23 1.320758123206167656e+05
1.348620992701322527e+20 1.441575792327372042e-23 1.369445424254511308e+05
1.393007927671724278e+20 1.428431004333641684e-23 1.418250802341615781e+05
1.437427354781203825e+20 1.416046067108094607e-23 1.467170008553275838e+05
1.481878848085297725e+20 1.404353744958843151e-23 1.516199016927460616e+05
1.526361928610549924e+20 1.393294647333078283e-23 1.565334011951536522e+05
1.570876078805671608e+20 1.382816107547951981e-23 1.614571376275842194e+05
1.615420753949710090e+20 1.372871249345069680e-23 1.663907678832439997e+05
1.659995391168031293e+20 1.363418205462987855e-23 1.713339663473748078e+05
1.704599416558967849e+20 1.354419460029029020e-23 1.762864238194771169e+05
1.749232250822118277e+20 1.345841292405618774e-23 1.812478464967860782e+05
1.793893313693988946e+20 1.337653304635118004e-23 1.862179550195382617e+05
1.838582027431304561e+20 1.329828018137232031e-23 1.911964835770076024e+05
1.883297819531813192e+20 1.322340528064615743e-23 1.961831790722799487e+05
1.928040124843212472e+20 1.315168205893251792e-23 2.011778003431164834e+05
1.972808387180229100e+20 1.308290442547714359e-23 2.061801174359063443e+05
2.017602060545832387e+20 1.301688425737758363e-23 2.111899109295441594e+05
2.062420610033647288e+20 1.295344946287924645e-23 2.162069713060338399e+05
2.107263512473584599e+20 1.289244229134090218e-23 2.212310983646669192e+05
2.152130256870790595e+20 1.283371785384855088e-23 2.262621006767314684e+05
2.197020344678453084e+20 1.277714282435918298e-23 2.312997950778441154e+05
2.241933289937359667e+20 1.272259429609026980e-23 2.363440061951599491e+05
2.286868619308944916e+20 1.266995877184842907e-23 2.413945660068819416e+05
2.331825872023590666e+20 1.261913127027630088e-23 2.464513134316642245e+05
2.376804599761915085e+20 1.257001453272254528e-23 2.515140939456710184e+05
2.421804366483535299e+20 1.252251831770936882e-23 2.565827592252184113e+05
2.466824748215101686e+20 1.247655877186907368e-23 2.616571668130801991e+05
2.511865332807261225e+20 1.243205786781234273e-23 2.667371798066876363e+05
2.556925719668405043e+20 1.238894290073022315e-23 2.718226665665886248e+05
2.602005519481624330e+20 1.234714603666272351e-23 2.769135004436642048e+05
2.647104353910096855e+20 1.230660390632509035e-23 2.820095595237151138e+05
2.692221855295137382e+20 1.226725723919684386e-23 2.871107263881447725e+05
2.737357666350360166e+20 1.222905053327258220e-23 2.922168878895647940e+05
2.782511439854716518e+20 1.219193175646648290e-23 2.973279349412434967e+05
2.827682838346632397e+20 1.215585207617066106e-23 3.024437623194030602e+05
2.872871533821027942e+20 1.212076561390419285e-23 3.075642684774520458e+05
2.918077207430605046e+20 1.208662922236590936e-23 3.126893553713079891e+05
2.963299549192519025e+20 1.205340228252887551e-23 3.178189282950382330e+05
3.008538257701250662e+20 1.202104651869577159e-23 3.229528957260982133e+05
3.053793039848334295e+20 1.198952582967849414e-23 3.280911691795123625e+05
3.099063610549394473e+20 1.195880613447747966e-23 3.332336630703872652e+05
3.144349692478809702e+20 1.192885523102129069e-23 3.383802945841934998e+05
3.189651015812226744e+20 1.189964266668855643e-23 3.435309835543013760e+05
3.234967317977017221e+20 1.187113961947572952e-23 3.486856523462863406e+05
3.280298343410734858e+20 1.184331878879822322e-23 3.538442257485640584e+05
3.325643843327541248e+20 1.181615429502129570e-23 3.590066308689435828e+05
3.371003575492517560e+20 1.178962158691308297e-23 3.641727970367166563e+05
3.416377304003775693e+20 1.176369735629668107e-23 3.693426557099342463e+05
3.461764799082200433e+20 1.173835945925291579e-23 3.745161403875416727e+05
3.507165836868668621e+20 1.171358684329158224e-23 3.796931865260686609e+05
3.552580199228558541e+20 1.168935947996748160e-23 3.848737314605943393e+05
3.598007673563359478e+20 1.166565830246972912e-23 3.900577143297263538e+05
3.643448052629156659e+20 1.164246514775894833e-23 3.952450760043479386e+05
3.688901134361796280e+20 1.161976270286831757e-23 4.004357590199107071e+05
3.734366721708505170e+20 1.159753445502111455e-23 4.056297075120593654e+05
3.779844622465746862e+20 1.157576464525026870e-23 4.108268671553939930e+05
3.825334649123101082e+20 1.155443822523485368e-23 4.160271851051872363e+05
3.870836618712951030e+20 1.153354081709468054e-23 4.212306099418844096e+05
3.916350352665756959e+20 1.151305867590787656e-23 4.264370916182289366e+05
3.961875676670720082e+20 1.149297865473746852e-23 4.316465814088630141e+05
4.007412420541623173e+20 1.147328817197205752e-23 4.368590318622659543e+05
4.052960418087659766e+20 1.145397518080292235e-23 4.420743967548998189e+05
4.098519506989040271e+20 1.143502814067528188e-23 4.472926310474396450e+05
4.144089528677211832e+20 1.141643599056549989e-23 4.525136908429767354e+05
4.189670328219489403e+20 1.139818812394865370e-23 4.577375333470859914e+05
4.235261754207927665e+20 1.138027436533223297e-23 4.629641168296586256e+05
4.280863658652281078e+20 1.136268494824221330e-23 4.681934005884077633e+05
4.326475896876860703e+20 1.134541049455706174e-23 4.734253449139555451e+05
4.372098327421157376e+20 1.132844199509379671e-23 4.786599110564226867e+05
4.417730811944058225e+20 1.131177079135793122e-23 4.838970611934406916e+05
4.463373215131528069e+20 1.129538855837624485e-23 4.891367583995149471e+05
4.509025404607608259e+20 1.127928728853769342e-23 4.943789666166694951e+05
4.554687250848599245e+20 1.126345927637362090e-23 4.996236506263089250e+05
4.600358627100299100e+20 1.124789710421383377e-23 5.048707760222373763e+05
4.646039409298182636e+20 1.123259362865989354e-23 5.101203091847768519e+05
4.691729475990379561e+20 1.121754196782150808e-23 5.153722172559298342e+05
4.737428708263377633e+20 1.120273548926593949e-23 5.206264681155380094e+05
4.783136989670303334e+20 1.118816779863410976e-23 5.258830303583866917e+05
4.828854206161696850e+20 1.117383272888048262e-23 5.311418732722108252e+05
4.874580246018683044e+20 1.115972433009696901e-23 5.364029668165586190e+05
4.920314999788430950e+20 1.114583685988396216e-23 5.416662816024748608e+05
4.966058360221829693e+20 1.113216477423427013e-23 5.469317888729631668e+05
5.011810222213270077e+20 1.111870271889816501e-23 5.521994604841914261e+05
5.057570482742469591e+20 1.110544552119996005e-23 5.574692688874088926e+05
5.103339040818250383e+20 1.109238818227867433e-23 5.627411871115386020e+05
5.149115797424188293e+20 1.107952586972716056e-23 5.680151887464165920e+05
5.194900655466087711e+20 1.106685391060589682e-23 5.732912479266517330e+05
5.240693519721164964e+20 1.105436778480921053e-23 5.785693393160710111e+05
5.286494296788921221e+20 1.104206311876326662e-23 5.838494380927333841e+05
5.332302895043613164e+20 1.102993567943645802e-23 5.891315199344804278e+05
5.378119224588261786e+20 1.101798136864417819e-23 5.944155610050039832e+05
5.423943197210153452e+20 1.100619621763113363e-23 5.997015379404074047e+05
5.469774726337766359e+20 1.099457638191540675e-23 6.049894278362394543e+05
5.515613726999069327e+20 1.098311813637956208e-23 6.102792082349805860e+05
5.561460115781145068e+20 1.097181787059499848e-23 6.155708571139629930e+05
5.607313810791086162e+20 1.096067208436662860e-23 6.208643528737052111e+05
5.653174731618116567e+20 1.094967738348577821e-23 6.261596743266459089e+05
5.699042799296897352e+20 1.093883047567997476e-23 6.314568006862581242e+05
5.744917936271962931e+20 1.092812816674898880e-23 6.367557115565302083e+05
5.790800066363258307e+20 1.091756735687712890e-23 6.420563869217981119e+05
5.836689114732726845e+20 1.090714503711242888e-23 6.473588071369129466e+05
5.882585007851923046e+20 1.089685828600392291e-23 6.526629529177348595e+05
5.928487673470597202e+20 1.088670426638871966e-23 6.579688053319344763e+05
5.974397040586229023e+20 1.087668022232109973e-23 6.632763457900945796e+05
6.020313039414478766e+20 1.086678347613632915e-23 6.685855560370980529e+05
6.066235601360502129e+20 1.085701142564226963e-23 6.738964181437899824e+05
6.112164658991128904e+20 1.084736154143232338e-23 6.792089144989063498e+05
6.158100146007854285e+20 1.083783136431357344e-23 6.845230278012563940e+05
6.204041997220615291e+20 1.082841850284438601e-23 6.898387410521488637e+05
6.249990148522339205e+20 1.081912063097601617e-23 6.951560375480564544e+05
6.295944536864215532e+20 1.080993548579310344e-23 7.004749008735043462e+05
6.341905100231686226e+20 1.080086086534820994e-23 7.057953148941774853e+05
6.387871777621127987e+20 1.079189462658585325e-23 7.111172637502402067e+05
6.433844509017174180e+20 1.078303468335169360e-23 7.164407318498539971e+05
6.479823235370711777e+20 1.077427900448281398e-23 7.217657038628957234e+05
6.525807898577458954e+20 1.076562561197523174e-23 7.270921647148573538e+05
6.571798441457177068e+20 1.075707257922500488e-23 7.324200995809325250e+05
6.617794807733423964e+20 1.074861802933946253e-23 7.377494938802736579e+05
6.663796942013902356e+20 1.074026013351533131e-23 7.430803332704197383e+05
6.709804789771320689e+20 1.073199710948061902e-23 7.484126036418846343e+05
6.755818297324784845e+20 1.072382721999736988e-23 7.537462911129028071e+05
6.801837411821707592e+20 1.071574877142248914e-23 7.590813820243274095e+05
6.847862081220185948e+20 1.070776011232402315e-23 7.644178629346709931e+05
6.893892254271870075e+20 1.069985963215038070e-23 7.697557206152904546e+05
6.939927880505272566e+20 1.069204575995015947e-23 7.750949420457055094e+05
6.985968910209541734e+20 1.068431696314029406e-23 7.804355144090495305e+05
7.032015294418645156e+20 1.067667174632042886e-23 7.857774250876466976e+05
7.078066984895980503e+20 1.066910865013146163e-23 7.911206616587127792e+05
7.124123934119382221e+20 1.066162625015636662e-23 7.964652118901723297e+05
7.170186095266525348e+20 1.065422315586142979e-23 8.018110637365923030e+05
7.216253422200692408e+20 1.064689800957619886e-23 8.071582053352252115e+05
7.262325869456930898e+20 1.063964948551046001e-23 8.125066250021597371e+05
7.308403392228534518e+20 1.063247628880670421e-23 8.178563112285744864e+05
7.354485946353894031e+20 1.062537715462655502e-23 8.232072526770920958e+05
7.400573488303670559e+20 1.061835084726976063e-23 8.285594381782304263e+05
7.446665975168289997e+20 1.061139615932437012e-23 8.339128567269472405e+05
7.492763364645755945e+20 1.060451191084683064e-23 8.392674974792760331e+05
7.538865615029758853e+20 1.059769694857075478e-23 8.446233497490477748e+05
7.584972685198089257e+20 1.059095014514319160e-23 8.499804030047014821e+05
7.631084534601339372e+20 1.058427039838727724e-23 8.553386468661740655e+05
7.677201123251855032e+20 1.057765663059023063e-23 8.606980711018698057e+05
7.723322411713003520e+20 1.057110778781562321e-23 8.660586656257110881e+05
7.769448361088653722e+20 1.056462283923901298e-23 8.714204204942585202e+05
7.815578933012943340e+20 1.055820077650595564e-23 8.767833259039073018e+05
7.861714089640287273e+20 1.055184061311158310e-23 8.821473721881546080e+05
7.907853793635599647e+20 1.054554138380082211e-23 8.875125498149310006e+05
7.953998008164796334e+20 1.053930214398851417e-23 8.928788493840035517e+05
8.000146696885470495e+20 1.053312196919864145e-23 8.982462616244388046e+05
8.046299823937817149e+20 1.052699995452190384e-23 9.036147773921290645e+05
8.092457353935780577e+20 1.052093521409098257e-23 9.089843876673815539e+05
8.138619251958368174e+20 1.051492688057278847e-23 9.143550835525627481e+05
8.184785483541217280e+20 1.050897410467705381e-23 9.197268562698019668e+05
8.230956014668303565e+20 1.050307605468067445e-23 9.250996971587477019e+05
8.277130811763887964e+20 1.049723191596718347e-23 9.304735976743819192e+05
8.323309841684618281e+20 1.049144089058080091e-23 9.358485493848812766e+05
8.369493071711815598e+20 1.048570219679454689e-23 9.412245439695322420e+05
8.415680469543949435e+20 1.048001506869185524e-23 9.466015732166948728e+05
8.461872003289259704e+20 1.047437875576123220e-23 9.519796290218128124e+05
8.508067641458560860e+20 1.046879252250345321e-23 9.573587033854702022e+05
8.554267352958216438e+20 1.046325564805087173e-23 9.627387884114972549e+05
8.600471107083228938e+20 1.045776742579839043e-23 9.681198763051109854e+05
8.646678873510535496e+20 1.045232716304566862e-23 9.735019593711091438e+05
8.692890622292409713e+20 1.044693418065018388e-23 9.788850300120966276e+05
8.739106323850026025e+20 1.044158781269073950e-23 9.842690807267570635e+05
8.785325948967170867e+20 1.043628740614108259e-23 9.896541041081622243e+05
8.831549468784069181e+20 1.043103232055324202e-23 9.950400928421188146e+05
8.877776854791368212e+20 1.042582192775026747e-23 1.000427039705553092e+06
8.924008078824232714e+20 1.042065561152804178e-23 1.005814937564930879e+06
8.970243113056568607e+20 1.041553276736585215e-23 1.011203779374713078e+06
9.016481929995390812e+20 1.041045280214540589e-23 1.016593558175844606e+06
9.062724502475276288e+20 1.040541513387803197e-23 1.021984267094276962e+06
9.108970803652966482e+20 1.040041919143974663e-23 1.027375899339523981e+06
9.155220807002056294e+20 1.039546441431396705e-23 1.032768448203246226e+06
9.201474486307815424e+20 1.039055025234157775e-23 1.038161907057868899e+06
9.247731815662111949e+20 1.038567616547811017e-23 1.043556269355228287e+06
9.293992769458426348e+20 1.038084162355781218e-23 1.048951528625246137e+06
9.340257322386993971e+20 1.037604610606437079e-23 1.054347678474635584e+06
9.386525449430024847e+20 1.037128910190806934e-23 1.059744712585630128e+06
9.432797125857032274e+20 1.036657010920914824e-23 1.065142624714742647e+06
9.479072327220264960e+20 1.036188863508721960e-23 1.070541408691550139e+06
9.525351029350200771e+20 1.035724419545646672e-23 1.075941058417502092e+06
9.571633208351179407e+20 1.035263631482650799e-23 1.081341567864755867e+06
9.617918840597070479e+20 1.034806452610869455e-23 1.086742931075034896e+06
9.664207902727071334e+20 1.034352837042769614e-23 1.092145142158510862e+06
9.710500371641569116e+20 1.033902739693819454e-23 1.097548195292708464e+06
9.756796224498074911e+20 1.033456116264651846e-23 1.102952084721433697e+06
9.803095438707273236e+20 1.033012923223707883e-23 1.108356804753722856e+06
9.849397991929100370e+20 1.032573117790344151e-23 1.113762349762812257e+06
9.895703862068945879e+20 1.032136657918388878e-23 1.119168714185131248e+06
9.942013027273903964e+20 1.031703502280133910e-23 1.124575892519312911e+06
9.988325465929094267e+20 1.031273610250750155e-23 1.129983879325225251e+06
1.003464115665407443e+21 1.030846941893108858e-23 1.135392669223023113e+06
1.008096007829929722e+21 1.030423457943002412e-23 1.140802256892216159e+06
1.012728220994265285e+21 1.030003119794747782e-23 1.146212637070758268e+06
1.017360753088607814e+21 1.029585889487162414e-23 1.151623804554152302e+06
1.021993602065221157e+21 1.029171729689902646e-23 1.157035754194573965e+06
1.026626765898113876e+21 1.028760603690150492e-23 1.162448480900012655e+06
1.031260242582717202e+21 1.028352475379642804e-23 1.167861979633427458e+06
1.035894030135571251e+21 1.027947309242028235e-23 1.173276245411921293e+06
1.040528126594016084e+21 1.027545070340543805e-23 1.178691273305929964e+06
1.045162530015888278e+21 1.027145724306004135e-23 1.184107058438427513e+06
1.049797238479224308e+21 1.026749237325089408e-23 1.189523595984145300e+06
1.054432250081967735e+21 1.026355576128927212e-23 1.194940881168807857e+06
1.059067562941682811e+21 1.025964707981957073e-23 1.200358909268380143e+06
1.063703175195274772e+21 1.025576600671072715e-23 1.205777675608334132e+06
1.068339084998711443e+21 1.025191222495028499e-23 1.211197175562923774e+06
1.072975290526753882e+21 1.024808542254108888e-23 1.216617404554475797e+06
1.077611789972689125e+21 1.024428529240048585e-23 1.222038358052694239e+06
1.082248581548069618e+21 1.024051153226198487e-23 1.227460031573977554e+06
1.086885663482456441e+21 1.023676384457929252e-23 1.232882420680747367e+06
1.091523034023166345e+21 1.023304193643266423e-23 1.238305520980790257e+06
1.096160691435025990e+21 1.022934551943751841e-23 1.243729328126611887e+06
1.100798634000127361e+21 1.022567430965520033e-23 1.249153837814803235e+06
1.105436860017588961e+21 1.022202802750591905e-23 1.254579045785415918e+06
1.110075367803322368e+21 1.021840639768370634e-23 1.260004947821351932e+06
1.114714155689800368e+21 1.021480914907340323e-23 1.265431539747762494e+06
1.119353222025831776e+21 1.021123601466960382e-23 1.270858817431458971e+06
1.123992565176337826e+21 1.020768673149747838e-23 1.276286776780332439e+06
1.128632183522134196e+21 1.020416104053545669e-23 1.281715413742785342e+06
1.133272075459716186e+21 1.020065868663970840e-23 1.287144724307172233e+06
1.137912239401047163e+21 1.019717941847036016e-23 1.292574704501250992e+06
1.142552673773351731e+21 1.019372298841941875e-23 1.298005350391643820e+06
1.147193377018910999e+21 1.019028915254034429e-23 1.303436658083306393e+06
1.151834347594862559e+21 1.018687767047924114e-23 1.308868623719007708e+06
1.156475583973004018e+21 1.018348830540759619e-23 1.314301243478819029e+06
1.161117084639597298e+21 1.018012082395656574e-23 1.319734513579608407e+06
1.165758848095181210e+21 1.017677499615272445e-23 1.325168430274551501e+06
1.170400872854381265e+21 1.017345059535527486e-23 1.330602989852641243e+06
1.175043157445727224e+21 1.017014739819464839e-23 1.336038188638212392e+06
1.179685700411472085e+21 1.016686518451249483e-23 1.341474022990473779e+06
1.184328500307412910e+21 1.016360373730297676e-23 1.346910489303043811e+06
1.188971555702717022e+21 1.016036284265540094e-23 1.352347584003500408e+06
1.193614865179749646e+21 1.015714228969807676e-23 1.357785303552933969e+06
1.198258427333902860e+21 1.015394187054343826e-23 1.363223644445507554e+06
1.202902240773431886e+21 1.015076138023434165e-23 1.368662603208028944e+06
1.207546304119288365e+21 1.014760061669155016e-23 1.374102176399524789e+06
1.212190616004962025e+21 1.014445938066235752e-23 1.379542360610825708e+06
1.216835175076319461e+21 1.014133747567030772e-23 1.384983152464153711e+06
1.221479979991448945e+21 1.013823470796601375e-23 1.390424548612721497e+06
1.226125029420508905e+21 1.013515088647903140e-23 1.395866545740336878e+06
1.230770322045573267e+21 1.013208582277074549e-23 1.401309140561009059e+06
1.235415856560486744e+21 1.012903933098827719e-23 1.406752329818569822e+06
1.240061631670714630e+21 1.012601122781936422e-23 1.412196110286292154e+06
1.244707646093202555e+21 1.012300133244818718e-23 1.417640478766521672e+06
1.249353898556232040e+21 1.012000946651213931e-23 1.423085432090310380e+06
1.254000387799282876e+21 1.011703545405949103e-23 1.428530967117058113e+06
1.258647112572895232e+21 1.011407912150794648e-23 1.433977080734157236e+06
1.263294071638534128e+21 1.011114029760405948e-23 1.439423769856647123e+06
1.267941263768457052e+21 1.010821881338349898e-23 1.444871031426869566e+06
1.272588687745583153e+21 1.010531450213212103e-23 1.450318862414133735e+06
1.277236342363363738e+21 1.010242719934786076e-23 1.455767259814382764e+06
1.281884226425656443e+21 1.009955674270338984e-23 1.461216220649868948e+06
1.286532338746599145e+21 1.009670297200955420e-23 1.466665741968831513e+06
1.291180678150487015e+21 1.009386572917954057e-23 1.472115820845179958e+06
1.295829243471653241e+21 1.009104485819377621e-23 1.477566454378184397e+06
1.300478033554346869e+21 1.008824020506555008e-23 1.483017639692167286e+06
1.305127047252617724e+21 1.008545161780730414e-23 1.488469373936203076e+06
1.309776283430200017e+21 1.008267894639762980e-23 1.493921654283820186e+06
1.314425740960396739e+21 1.007992204274888897e-23 1.499374477932708338e+06
1.319075418725970608e+21 1.007718076067552714e-23 1.504827842104430776e+06
1.323725315619030827e+21 1.007445495586296098e-23 1.510281744044142310e+06
1.328375430540925338e+21 1.007174448583714476e-23 1.515736181020307122e+06
1.333025762402133869e+21 1.006904920993467317e-23 1.521191150324425194e+06
1.337676310122160718e+21 1.006636898927352324e-23 1.526646649270760827e+06
1.342327072629432779e+21 1.006370368672434143e-23 1.532102675196077442e+06
1.346978048861195469e+21 1.006105316688230079e-23 1.537559225459372392e+06
1.351629237763411804e+21 1.005841729603950335e-23 1.543016297441619448e+06
1.356280638290663571e+21 1.005579594215792021e-23 1.548473888545513619e+06
1.360932249406051451e+21 1.005318897484285769e-23 1.553931996195218293e+06
1.365584070081101693e+21 1.005059626531692012e-23 1.559390617836121470e+06
1.370236099295666504e+21 1.004801768639448696e-23 1.564849750934587093e+06
1.374888336037834129e+21 1.004545311245668060e-23 1.570309392977719894e+06
1.379540779303832650e+21 1.004290241942679121e-23 1.575769541473122546e+06
1.384193428097941897e+21 1.004036548474619674e-23 1.581230193948667962e+06
1.388846281432401707e+21 1.003784218735070903e-23 1.586691347952267155e+06
1.393499338327323574e+21 1.003533240764739449e-23 1.592153001051641768e+06
1.398152597810603360e+21 1.003283602749180780e-23 1.597615150834101485e+06
1.402806058917836095e+21 1.003035293016567066e-23 1.603077794906326104e+06
1.407459720692228686e+21 1.002788300035495621e-23 1.608540930894143879e+06
1.412113582184518910e+21 1.002542612412837893e-23 1.614004556442322675e+06
1.416767642452891533e+21 1.002298218891630042e-23 1.619468669214356923e+06
1.421421900562896257e+21 1.002055108349000395e-23 1.624933266892259708e+06
1.426076355587369337e+21 1.001813269794137750e-23 1.630398347176358337e+06
1.430731006606352056e+21 1.001572692366293332e-23 1.635863907785092248e+06
1.435385852707014967e+21 1.001333365332823444e-23 1.641329946454815567e+06
1.440040892983579771e+21 1.001095278087265042e-23 1.646796460939598503e+06
1.444696126537243820e+21 1.000858420147447589e-23 1.652263449011036195e+06
1.449351552476104622e+21 1.000622781153638280e-23 1.657730908458055230e+06
1.454007169915086438e+21 1.000388350866721931e-23 1.663198837086728308e+06
1.458662977975867671e+21 1.000155119166412906e-23 1.668667232720086817e+06
1.463318975786809819e+21 9.999230760494992231e-24 1.674136093197940150e+06
1.467975162482884608e+21 9.996922116281185452e-24 1.679605416376692476e+06
1.472631537205605040e+21 9.994625161280644384e-24 1.685075200129166245e+06
1.477288099102957765e+21 9.992339798871233425e-24 1.690545442344427574e+06
1.481944847329332560e+21 9.990065933534407802e-24 1.696016140927611152e+06
1.486601781045458633e+21 9.987803470839157790e-24 1.701487293799752835e+06
1.491258899418334626e+21 9.985552317426246801e-24 1.706958898897617124e+06
1.495916201621166490e+21 9.983312380992727186e-24 1.712430954173534876e+06
1.500573686833300111e+21 9.981083570276716111e-24 1.717903457595235668e+06
1.505231354240160498e+21 9.978865795042443274e-24 1.723376407145689940e+06
1.509889203033188598e+21 9.976658966065564565e-24 1.728849800822948338e+06
1.514547232409777078e+21 9.974462995118724064e-24 1.734323636639982462e+06
1.519205441573211603e+21 9.972277794957365820e-24 1.739797912624531658e+06
1.523863829732609491e+21 9.970103279305792488e-24 1.745272626818949590e+06
1.528522396102861259e+21 9.967939362843466415e-24 1.750747777280053357e+06
1.533181139904570589e+21 9.965785961191539939e-24 1.756223362078973325e+06
1.537840060363996922e+21 9.963642990899619328e-24 1.761699379301006906e+06
1.542499156712998044e+21 9.961510369432759400e-24 1.767175827045472572e+06
1.547158428188974514e+21 9.959388015158665331e-24 1.772652703425568063e+06
1.551817874034812518e+21 9.957275847335120742e-24 1.778130006568226730e+06
1.556477493498830651e+21 9.955173786097637660e-24 1.783607734613981098e+06
1.561137285834723557e+21 9.953081752447291624e-24 1.789085885716821533e+06
1.565797250301509501e+21 9.950999668238778661e-24 1.794564458044062136e+06
1.570457386163477676e+21 9.948927456168666217e-24 1.800043449776208494e+06
1.575117692690134729e+21 9.946865039763846869e-24 1.805522859106819611e+06
1.579778169156155212e+21 9.944812343370166884e-24 1.811002684242384275e+06
1.584438814841328370e+21 9.942769292141267836e-24 1.816482923402186483e+06
1.589099629030509117e+21 9.940735812027583985e-24 1.821963574818179943e+06
1.593760611013567971e+21 9.938711829765557110e-24 1.827444636734862346e+06
1.598421760085342028e+21 9.936697272866993882e-24 1.832926107409151271e+06
1.603083075545587778e+21 9.934692069608615718e-24 1.838407985110261943e+06
1.607744556698931036e+21 9.932696149021786426e-24 1.843890268119585235e+06
1.612406202854821069e+21 9.930709440882377979e-24 1.849372954730567290e+06
1.617068013327483929e+21 9.928731875700841995e-24 1.854856043248594040e+06
1.621729987435875533e+21 9.926763384712406112e-24 1.860339531990872230e+06
1.626392124503637885e+21 9.924803899867449629e-24 1.865823419286316494e+06
1.631054423859052937e+21 9.922853353822031963e-24 1.871307703475434100e+06
1.635716884834997240e+21 9.920911679928553340e-24 1.876792382910212269e+06
1.640379506768900260e+21 9.918978812226607986e-24 1.882277455954009201e+06
1.645042289002699555e+21 9.917054685433928410e-24 1.887762920981442556e+06
1.649705230882798830e+21 9.915139234937522175e-24 1.893248776378284208e+06
1.654368331760025207e+21 9.913232396784927693e-24 1.898735020541349426e+06
1.659031590989587546e+21 9.911334107675597847e-24 1.904221651878395118e+06
1.663695007931035025e+21 9.909444304952451130e-24 1.909708668808012735e+06
1.668358581948216508e+21 9.907562926593522691e-24 1.915196069759526988e+06
1.673022312409241485e+21 9.905689911203766738e-24 1.920683853172894800e+06
1.677686198686438130e+21 9.903825198006988231e-24 1.926172017498602858e+06
1.682350240156315288e+21 9.901968726837883323e-24 1.931660561197570059e+06
1.687014436199523942e+21 9.900120438134222317e-24 1.937149482741048327e+06
1.691678786200817369e+21 9.898280272929144305e-24 1.942638780610525748e+06
1.696343289549015745e+21 9.896448172843576696e-24 1.948128453297633212e+06
1.701007945636966040e+21 9.894624080078767888e-24 1.953618499304047087e+06
1.705672753861506367e+21 9.892807937408928674e-24 1.959108917141395854e+06
1.710337713623429022e+21 9.890999688174008832e-24 1.964599705331170233e+06
1.715002824327444562e+21 9.889199276272555991e-24 1.970090862404629588e+06
1.719668085382146687e+21 9.887406646154703813e-24 1.975582386902714381e+06
1.724333496199975010e+21 9.885621742815265960e-24 1.981074277375953039e+06
1.728999056197182292e+21 9.883844511786916758e-24 1.986566532384378370e+06
1.733664764793798263e+21 9.882074899133501166e-24 1.992059150497437455e+06
1.738330621413596856e+21 9.880312851443422619e-24 1.997552130293907598e+06
1.742996625484061868e+21 9.878558315823154302e-24 2.003045470361810876e+06
1.747662776436353663e+21 9.876811239890815067e-24 2.008539169298328925e+06
1.752329073705276146e+21 9.875071571769887894e-24 2.014033225709722843e+06
1.756995516729244254e+21 9.873339260082978007e-24 2.019527638211247977e+06
1.761662104950251717e+21 9.871614253945713534e-24 2.025022405427073361e+06
1.766328837813840380e+21 9.869896502960704934e-24 2.030517525990205584e+06
1.770995714769066918e+21 9.868185957211608748e-24 2.036012998542403802e+06
1.775662735268472685e+21 9.866482567257270701e-24 2.041508821734106168e+06
1.780329898768052781e+21 9.864786284125965778e-24 2.047004994224347873e+06
1.784997204727225909e+21 9.863097059309711774e-24 2.052501514680690132e+06
1.789664652608804487e+21 9.861414844758673934e-24 2.057998381779139629e+06
1.794332241878964240e+21 9.859739592875650421e-24 2.063495594204077264e+06
1.798999972007215628e+21 9.858071256510638592e-24 2.068993150648181560e+06
1.803667842466373435e+21 9.856409788955467395e-24 2.074491049812356709e+06
1.808335852732529508e+21 9.854755143938541440e-24 2.079989290405661566e+06
1.813004002285024969e+21 9.853107275619615932e-24 2.085487871145236539e+06
1.817672290606418756e+21 9.851466138584689139e-24 2.090986790756232338e+06
1.822340717182463508e+21 9.849831687840934549e-24 2.096486047971741995e+06
1.827009281502076731e+21 9.848203878811735875e-24 2.101985641532732174e+06
1.831677983057312219e+21 9.846582667331769076e-24 2.107485570187970996e+06
1.836346821343336202e+21 9.844968009642166672e-24 2.112985832693965640e+06
1.841015795858398511e+21 9.843359862385752581e-24 2.118486427814892493e+06
1.845684906103805837e+21 9.841758182602334267e-24 2.123987354322531261e+06
1.850354151583897879e+21 9.840162927724077166e-24 2.129488610996199772e+06
1.855023531806019813e+21 9.838574055570929075e-24 2.134990196622690652e+06
1.859693046280498446e+21 9.836991524346120952e-24 2.140492109996205661e+06
1.864362694520615469e+21 9.835415292631720601e-24 2.145994349918294698e+06
1.869032476042582819e+21 9.833845319384265718e-24 2.151496915197789669e+06
1.873702390365519610e+21 9.832281563930433657e-24 2.156999804650747217e+06
1.878372437011425395e+21 9.830723985962797901e-24 2.162503017100383528e+06
1.883042615505158406e+21 9.829172545535621258e-24 2.168006551377017051e+06
1.887712925374410392e+21 9.827627203060723999e-24 2.173510406318006106e+06
1.892383366149682758e+21 9.826087919303403426e-24 2.179014580767691601e+06
1.897053937364264288e+21 9.824554655378403392e-24 2.184519073577336501e+06
1.901724638554207027e+21 9.823027372745952885e-24 2.190023883605070412e+06
1.906395469258304782e+21 9.821506033207845760e-24 2.195529009715830907e+06
1.911066429018069533e+21 9.819990598903589517e-24 2.201034450781306718e+06
1.915737517377708360e+21 9.818481032306586421e-24 2.206540205679881386e+06
1.920408733884102738e+21 9.816977296220388079e-24 2.212046273296578322e+06
1.925080078086786777e+21 9.815479353774989697e-24 2.217552652523006778e+06
1.929751549537923891e+21 9.813987168423169882e-24 2.223059342257305980e+06
1.934423147792287138e+21 9.812500703936900976e-24 2.228566341404091567e+06
1.939094872407237460e+21 9.811019924403779965e-24 2.234073648874405306e+06
1.943766722942700880e+21 9.809544794223528439e-24 2.239581263585655950e+06
1.948438698961150935e+21 9.808075278104536642e-24 2.245089184461574536e+06
1.953110800027586658e+21 9.806611341060439846e-24 2.250597410432159435e+06
1.957783025709511344e+21 9.805152948406763781e-24 2.256105940433624666e+06
1.962455375576913150e+21 9.803700065757596517e-24 2.261614773408351000e+06
1.967127849202245960e+21 9.802252659022307367e-24 2.267123908304834738e+06
1.971800446160407626e+21 9.800810694402320155e-24 2.272633344077639747e+06
1.976473166028723454e+21 9.799374138387920278e-24 2.278143079687347170e+06
1.981146008386924446e+21 9.797942957755101442e-24 2.283653114100509789e+06
1.985818972817128161e+21 9.796517119562468237e-24 2.289163446289598942e+06
1.990492058903821681e+21 9.795096591148156340e-24 2.294674075232963543e+06
1.995165266233840894e+21 9.793681340126823248e-24 2.300184999914777000e+06
1.999838594396353462e+21 9.792271334386649303e-24 2.305696219324994832e+06
2.004512042982839681e+21 9.790866542086401888e-24 2.311207732459309045e+06
2.009185611587074392e+21 9.789466931652518737e-24 2.316719538319100626e+06
2.013859299805108109e+21 9.788072471776239729e-24 2.322231635911392979e+06
2.018533107235251814e+21 9.786683131410778349e-24 2.327744024248811882e+06
2.023207033478056247e+21 9.785298879768524018e-24 2.333256702349537984e+06
2.027881078136297488e+21 9.783919686318281146e-24 2.338769669237265829e+06
2.032555240814955987e+21 9.782545520782541988e-24 2.344282923941156827e+06
2.037229521121203192e+21 9.781176353134807986e-24 2.349796465495799668e+06
2.041903918664381628e+21 9.779812153596924333e-24 2.355310292941165622e+06
2.046578433055991005e+21 9.778452892636467439e-24 2.360824405322570819e+06
2.051253063909669077e+21 9.777098540964154436e-24 2.366338801690630149e+06
2.055927810841176179e+21 9.775749069531292352e-24 2.371853481101216748e+06
2.060602673468378972e+21 9.774404449527255212e-24 2.377368442615423817e+06
2.065277651411234193e+21 9.773064652376993452e-24 2.382883685299521778e+06
2.069952744291774235e+21 9.771729649738583018e-24 2.388399208224921953e+06
2.074627951734088008e+21 9.770399413500792094e-24 2.393915010468132794e+06
2.079303273364308623e+21 9.769073915780693374e-24 2.399431091110722627e+06
2.083978708810595566e+21 9.767753128921289568e-24 2.404947449239280540e+06
2.088654257703120011e+21 9.766437025489185920e-24 2.410464083945379592e+06
2.093329919674051723e+21 9.765125578272278894e-24 2.415980994325537700e+06
2.098005694357540438e+21 9.763818760277480125e-24 2.421498179481178522e+06
2.102681581389703283e+21 9.762516544728475627e-24 2.427015638518597931e+06
2.107357580408609833e+21 9.761218905063487951e-24 2.432533370548923966e+06
2.112033691054265598e+21 9.759925814933098580e-24 2.438051374688079115e+06
2.116709912968601534e+21 9.758637248198076203e-24 2.443569650056750979e+06
2.121386245795454910e+21 9.757353178927238786e-24 2.449088195780348033e+06
2.126062689180558557e+21 9.756073581395336209e-24 2.454607010988968424e+06
2.130739242771525927e+21 9.754798430080972584e-24 2.460126094817367848e+06
2.135415906217835364e+21 9.753527699664535913e-24 2.465645446404916234e+06
2.140092679170820145e+21 9.752261365026173302e-24 2.471165064895572606e+06
2.144769561283650912e+21 9.750999401243764698e-24 2.476684949437845033e+06
2.149446552211323617e+21 9.749741783590955409e-24 2.482205099184758030e+06
2.154123651610647200e+21 9.748488487535181271e-24 2.487725513293820899e+06
2.158800859140227858e+21 9.747239488735733494e-24 2.493246190926991869e+06
2.163478174460459614e+21 9.745994763041848481e-24 2.498767131250647828e+06
2.168155597233507271e+21 9.744754286490810871e-24 2.504288333435552195e+06
2.172833127123295404e+21 9.743518035306088920e-24 2.509809796656816732e+06
2.177510763795496042e+21 9.742285985895488964e-24 2.515331520093878731e+06
2.182188506917514248e+21 9.741058114849329005e-24 2.520853502930460963e+06
2.186866356158478418e+21 9.739834398938638725e-24 2.526375744354548398e+06
2.191544311189224817e+21 9.738614815113381561e-24 2.531898243558348622e+06
2.196222371682286305e+21 9.737399340500689986e-24 2.537420999738267623e+06
2.200900537311881593e+21 9.736187952403137538e-24 2.542944012094876729e+06
2.205578807753900032e+21 9.734980628297012306e-24 2.548467279832883272e+06
2.210257182685894279e+21 9.733777345830624228e-24 2.553990802161099855e+06
2.214935661787062731e+21 9.732578082822628531e-24 2.559514578292415477e+06
2.219614244738242183e+21 9.731382817260368293e-24 2.565038607443764340e+06
2.224292931221894463e+21 9.730191527298241971e-24 2.570562888836100698e+06
2.228971720922095157e+21 9.729004191256078280e-24 2.576087421694366261e+06
2.233650613524521812e+21 9.727820787617541930e-24 2.581612205247463193e+06
2.238329608716442665e+21 9.726641295028551115e-24 2.587137238728226162e+06
2.243008706186706420e+21 9.725465692295724395e-24 2.592662521373394411e+06
2.247687905625728877e+21 9.724293958384821692e-24 2.598188052423581947e+06
2.252367206725484544e+21 9.723126072419235250e-24 2.603713831123252399e+06
2.257046609179494318e+21 9.721962013678470313e-24 2.609239856720691547e+06
2.261726112682813948e+21 9.720801761596663995e-24 2.614766128467979375e+06
2.266405716932024861e+21 9.719645295761108573e-24 2.620292645620963536e+06
2.271085421625222627e+21 9.718492595910796804e-24 2.625819407439232804e+06
2.275765226462005690e+21 9.717343641934977546e-24 2.631346413186090067e+06
2.280445131143467500e+21 9.716198413871742217e-24 2.636873662128529977e+06
2.285125135372183142e+21 9.715056891906618615e-24 2.642401153537208680e+06
2.289805238852200432e+21 9.713919056371172081e-24 2.647928886686419137e+06
2.294485441289029681e+21 9.712784887741640451e-24 2.653456860854067374e+06
2.299165742389634007e+21 9.711654366637571957e-24 2.658985075321646873e+06
2.303846141862418317e+21 9.710527473820486627e-24 2.664513529374213424e+06
2.308526639417220923e+21 9.709404190192540638e-24 2.670042222300359514e+06
2.313207234765301481e+21 9.708284496795225917e-24 2.675571153392191976e+06
2.317887927619333128e+21 9.707168374808059470e-24 2.681100321945304051e+06
2.322568717693392257e+21 9.706055805547315314e-24 2.686629727258757222e+06
2.327249604702949081e+21 9.704946770464741723e-24 2.692159368635051884e+06
2.331930588364857934e+21 9.703841251146318139e-24 2.697689245380106382e+06
2.336611668397347570e+21 9.702739229311009148e-24 2.703219356803233735e+06
2.341292844520012775e+21 9.701640686809543439e-24 2.708749702217116486e+06
2.345974116453803622e+21 9.700545605623197163e-24 2.714280280937785283e+06
2.350655483921018388e+21 9.699453967862596401e-24 2.719811092284597922e+06
2.355336946645292810e+21 9.698365755766534322e-24 2.725342135580212809e+06
2.360018504351591432e+21 9.697280951700798626e-24 2.730873410150568932e+06
2.364700156766198432e+21 9.696199538157007807e-24 2.736404915324861649e+06
2.369381903616710279e+21 9.695121497751472390e-24 2.741936650435525458e+06
2.374063744632026038e+21 9.694046813224054705e-24 2.747468614818207920e+06
2.378745679542336618e+21 9.692975467437052165e-24 2.753000807811746374e+06
2.383427708079119008e+21 9.691907443374087892e-24 2.758533228758152109e+06
2.388109829975128932e+21 9.690842724139014573e-24 2.764065877002587542e+06
2.392792044964386177e+21 9.689781292954824185e-24 2.769598751893339213e+06
2.397474352782173536e+21 9.688723133162590050e-24 2.775131852781805675e+06
2.402156753165023707e+21 9.687668228220388321e-24 2.780665179022470955e+06
2.406839245850712998e+21 9.686616561702260609e-24 2.786198729972885922e+06
2.411521830578251366e+21 9.685568117297172197e-24 2.791732504993647803e+06
2.416204507087877177e+21 9.684522878807989364e-24 2.797266503448379226e+06
2.420887275121046716e+21 9.683480830150455235e-24 2.802800724703710061e+06
2.425570134420427899e+21 9.682441955352195015e-24 2.808335168129255995e+06
2.430253084729890308e+21 9.681406238551719764e-24 2.813869833097599912e+06
2.434936125794498380e+21 9.680373663997438974e-24 2.819404718984270003e+06
2.439619257360505635e+21 9.679344216046695204e-24 2.824939825167724397e+06
2.444302479175342096e+21 9.678317879164798694e-24 2.830475151029326953e+06
2.448985790987613241e+21 9.677294637924076694e-24 2.836010695953336079e+06
2.453669192547085320e+21 9.676274477002928653e-24 2.841546459326874465e+06
2.458352683604683260e+21 9.675257381184906401e-24 2.847082440539921168e+06
2.463036263912480702e+21 9.674243335357776687e-24 2.852618638985287864e+06
2.467719933223693189e+21 9.673232324512624866e-24 2.858155054058600217e+06
2.472403691292670296e+21 9.672224333742940955e-24 2.863691685158282053e+06
2.477087537874890392e+21 9.671219348243740945e-24 2.869228531685535796e+06
2.481771472726949102e+21 9.670217353310667557e-24 2.874765593044322450e+06
2.486455495606556688e+21 9.669218334339132120e-24 2.880302868641348556e+06
2.491139606272529662e+21 9.668222276823440307e-24 2.885840357886046171e+06
2.495823804484781867e+21 9.667229166355942834e-24 2.891378060190553777e+06
2.500508090004319240e+21 9.666238988626187636e-24 2.896915974969700910e+06
2.505192462593232470e+21 9.665251729420079392e-24 2.902454101640990470e+06
2.509876922014689657e+21 9.664267374619058143e-24 2.907992439624581020e+06
2.514561468032931070e+21 9.663285910199273511e-24 2.913530988343272358e+06
2.519246100413260759e+21 9.662307322230776546e-24 2.919069747222485021e+06
2.523930818922039214e+21 9.661331596876711572e-24 2.924608715690245386e+06
2.528615623326679171e+21 9.660358720392531547e-24 2.930147893177170772e+06
2.533300513395637748e+21 9.659388679125204601e-24 2.935687279116450343e+06
2.537985488898408579e+21 9.658421459512436744e-24 2.941226872943829279e+06
2.542670549605518672e+21 9.657457048081901914e-24 2.946766674097597133e+06
2.547355695288516870e+21 9.656495431450485256e-24 2.952306682018562220e+06
2.552040925719972807e+21 9.655536596323519048e-24 2.957846896150046960e+06
2.556726240673466941e+21 9.654580529494046547e-24 2.963387315937863663e+06
2.561411639923586892e+21 9.653627217842075552e-24 2.968927940830302890e+06
2.566097123245918519e+21 9.652676648333849598e-24 2.974468770278119482e+06
2.570782690417042260e+21 9.651728808021126495e-24 2.980009803734512534e+06
2.575468341214523687e+21 9.650783684040456868e-24 2.985551040655110963e+06
2.580154075416911413e+21 9.649841263612483269e-24 2.991092480497963727e+06
2.584839892803729228e+21 9.648901534041226066e-24 2.996634122723520733e+06
2.589525793155467706e+21 9.647964482713401651e-24 3.002175966794613283e+06
2.594211776253584212e+21 9.647030097097727437e-24 3.007718012176452670e+06
2.598897841880489787e+21 9.646098364744241533e-24 3.013260258336599916e+06
2.603583989819548107e+21 9.645169273283628308e-24 3.018802704744961578e+06
2.608270219855070233e+21 9.644242810426557175e-24 3.024345350873773452e+06
2.612956531772305179e+21 9.643318963963014030e-24 3.029888196197584737e+06
2.617642925357434667e+21 9.642397721761651787e-24 3.035431240193240810e+06
2.622329400397572604e+21 9.641479071769143859e-24 3.040974482339878567e+06
2.627015956680751972e+21 9.640563002009540577e-24 3.046517922118901741e+06
2.631702593995925357e+21 9.639649500583637357e-24 3.052061559013973922e+06
2.636389312132956029e+21 9.638738555668345814e-24 3.057605392511003185e+06
2.641076110882613756e+21 9.637830155516069280e-24 3.063149422098127659e+06
2.645762990036567982e+21 9.636924288454093014e-24 3.068693647265701555e+06
2.650449949387384160e+21 9.636020942883971481e-24 3.074238067506282590e+06
2.655136988728519033e+21 9.635120107280920026e-24 3.079782682314620819e+06
2.659824107854312243e+21 9.634221770193228603e-24 3.085327491187642794e+06
2.664511306559982141e+21 9.633325920241657862e-24 3.090872493624435738e+06
2.669198584641622114e+21 9.632432546118863155e-24 3.096417689126240090e+06
2.673885941896194294e+21 9.631541636588811200e-24 3.101963077196436003e+06
2.678573378121525363e+21 9.630653180486198212e-24 3.107508657340526581e+06
2.683260893116298691e+21 9.629767166715895945e-24 3.113054429066128097e+06
2.687948486680052236e+21 9.628883584252375708e-24 3.118600391882955562e+06
2.692636158613171208e+21 9.628002422139158816e-24 3.124146545302812476e+06
2.697323908716885443e+21 9.627123669488255293e-24 3.129692888839577325e+06
2.702011736793263112e+21 9.626247315479630491e-24 3.135239422009191010e+06
2.706699642645204959e+21 9.625373349360649671e-24 3.140786144329644274e+06
2.711387626076441149e+21 9.624501760445550497e-24 3.146333055320968386e+06
2.716075686891523932e+21 9.623632538114909655e-24 3.151880154505216051e+06
2.720763824895826067e+21 9.622765671815112417e-24 3.157427441406458151e+06
2.725452039895534010e+21 9.621901151057839825e-24 3.162974915550767444e+06
2.730140331697643192e+21 9.621038965419548535e-24 3.168522576466207393e+06
2.734828700109953303e+21 9.620179104540958015e-24 3.174070423682818655e+06
2.739517144941064618e+21 9.619321558126546542e-24 3.179618456732610241e+06
2.744205666000371712e+21 9.618466315944048685e-24 3.185166675149546936e+06
2.748894263098060833e+21 9.617613367823964533e-24 3.190715078469538130e+06
2.753582936045104136e+21 9.616762703659058642e-24 3.196263666230427101e+06
2.758271684653254443e+21 9.615914313403881021e-24 3.201812437971977051e+06
2.762960508735042093e+21 9.615068187074277830e-24 3.207361393235862721e+06
2.767649408103769702e+21 9.614224314746922655e-24 3.212910531565658282e+06
2.772338382573508493e+21 9.613382686558833084e-24 3.218459852506827097e+06
2.777027431959092527e+21 9.612543292706910795e-24 3.224009355606708676e+06
2.781716556076115558e+21 9.611706123447471361e-24 3.229559040414511692e+06
2.786405754740926317e+21 9.610871169095782862e-24 3.235108906481298152e+06
2.791095027770623787e+21 9.610038420025617735e-24 3.240658953359977342e+06
2.795784374983053017e+21 9.609207866668797266e-24 3.246209180605291389e+06
2.800473796196802494e+21 9.608379499514741964e-24 3.251759587773810141e+06
2.805163291231197331e+21 9.607553309110030750e-24 3.257310174423913006e+06
2.809852859906295595e+21 9.606729286057964556e-24 3.262860940115785226e+06
2.814542502042886210e+21 9.605907421018129924e-24 3.268411884411404375e+06
2.819232217462483714e+21 9.605087704705962600e-24 3.273963006874532439e+06
2.823922005987321971e+21 9.604270127892330235e-24 3.279514307070701849e+06
2.828611867440353116e+21 9.603454681403106271e-24 3.285065784567208495e+06
2.833301801645243367e+21 9.602641356118746760e-24 3.290617438933102880e+06
2.837991808426366206e+21 9.601830142973884817e-24 3.296169269739175215e+06
2.842681887608801329e+21 9.601021032956908917e-24 3.301721276557949372e+06
2.847372039018329932e+21 9.600214017109560283e-24 3.307273458963675890e+06
2.852062262481429463e+21 9.599409086526533219e-24 3.312825816532313824e+06
2.856752557825271529e+21 9.598606232355071038e-24 3.318378348841528408e+06
2.861442924877716128e+21 9.597805445794566387e-24 3.323931055470679421e+06
2.866133363467310072e+21 9.597006718096179216e-24 3.329483936000810470e+06
2.870823873423281750e+21 9.596210040562438578e-24 3.335036990014640149e+06
2.875514454575536931e+21 9.595415404546857656e-24 3.340590217096555047e+06
2.880205106754656141e+21 9.594622801453560540e-24 3.346143616832596250e+06
2.884895829791890473e+21 9.593832222736892849e-24 3.351697188810452819e+06
2.889586623519157387e+21 9.593043659901054385e-24 3.357250932619451545e+06
2.894277487769038619e+21 9.592257104499725916e-24 3.362804847850550897e+06
2.898968422374773883e+21 9.591472548135695957e-24 3.368358934096326586e+06
2.903659427170259829e+21 9.590689982460506649e-24 3.373913190950966906e+06
2.908350501990044271e+21 9.589909399174077605e-24 3.379467618010260630e+06
2.913041646669325664e+21 9.589130790024365013e-24 3.385022214871593285e+06
2.917732861043945243e+21 9.588354146806989889e-24 3.390576981133931316e+06
2.922424144950387540e+21 9.587579461364898652e-24 3.396131916397820693e+06
2.927115498225774625e+21 9.586806725588006064e-24 3.401687020265371539e+06
2.931806920707862430e+21 9.586035931412855812e-24 3.407242292340253945e+06
2.936498412235039179e+21 9.585267070822270796e-24 3.412797732227687724e+06
2.941189972646320669e+21 9.584500135845025457e-24 3.418353339534435887e+06
2.945881601781346075e+21 9.583735118555497541e-24 3.423909113868792076e+06
2.950573299480376902e+21 9.582972011073337490e-24 3.429465054840577301e+06
2.955265065584290693e+21 9.582210805563145180e-24 3.435021162061127834e+06
2.959956899934581031e+21 9.581451494234131965e-24 3.440577435143288691e+06
2.964648802373350195e+21 9.580694069339804769e-24 3.446133873701403849e+06
2.969340772743309165e+21 9.579938523177639879e-24 3.451690477351310663e+06
2.974032810887775519e+21 9.579184848088764096e-24 3.457247245710331481e+06
2.978724916650663477e+21 9.578433036457640291e-24 3.462804178397261538e+06
2.983417089876489667e+21 9.577683080711752957e-24 3.468361275032367092e+06
2.988109330410361061e+21 9.576934973321298174e-24 3.473918535237372387e+06
2.992801638097979703e+21 9.576188706798876515e-24 3.479475958635454997e+06
2.997494012785635361e+21 9.575444273699185939e-24 3.485033544851237908e+06
3.002186454320201335e+21 9.574701666618722050e-24 3.490591293510778341e+06
3.006878962549134983e+21 9.573960878195475400e-24 3.496149204241564963e+06
3.011571537320469856e+21 9.573221901108636150e-24 3.501707276672503911e+06
3.016264178482819367e+21 9.572484728078298724e-24 3.507265510433921125e+06
3.020956885885367878e+21 9.571749351865170878e-24 3.512823905157545116e+06
3.025649659377867555e+21 9.571015765270284230e-24 3.518382460476501845e+06
3.030342498810642563e+21 9.570283961134703330e-24 3.523941176025313791e+06
3.035035404034574909e+21 9.569553932339249415e-24 3.529500051439880859e+06
3.039728374901112308e+21 9.568825671804205066e-24 3.535059086357485503e+06
3.044421411262258217e+21 9.568099172489052665e-24 3.540618280416775960e+06
3.049114512970571317e+21 9.567374427392179045e-24 3.546177633257764392e+06
3.053807679879162888e+21 9.566651429550615420e-24 3.551737144521817099e+06
3.058500911841692615e+21 9.565930172039753790e-24 3.557296813851648942e+06
3.063194208712367538e+21 9.565210647973083927e-24 3.562856640891314484e+06
3.067887570345938387e+21 9.564492850501921544e-24 3.568416625286203809e+06
3.072580996597694857e+21 9.563776772815145272e-24 3.573976766683032271e+06
3.077274487323466138e+21 9.563062408138933652e-24 3.579537064729834907e+06
3.081968042379616190e+21 9.562349749736499171e-24 3.585097519075960852e+06
3.086661661623040082e+21 9.561638790907838474e-24 3.590658129372064490e+06
3.091355344911165555e+21 9.560929524989466407e-24 3.596218895270101726e+06
3.096049092101942542e+21 9.560221945354167695e-24 3.601779816423316021e+06
3.100742903053848936e+21 9.559516045410744210e-24 3.607340892486242112e+06
3.105436777625882722e+21 9.558811818603760770e-24 3.612902123114690185e+06
3.110130715677559357e+21 9.558109258413299753e-24 3.618463507965744939e+06
3.114824717068913345e+21 9.557408358354715718e-24 3.624025046697758138e+06
3.119518781660489318e+21 9.556709111978394422e-24 3.629586738970336504e+06
3.124212909313344668e+21 9.556011512869503031e-24 3.635148584444344509e+06
3.128907099889043767e+21 9.555315554647757960e-24 3.640710582781889942e+06
3.133601353249656930e+21 9.554621230967183896e-24 3.646272733646322507e+06
3.138295669257758835e+21 9.553928535515874291e-24 3.651835036702225450e+06
3.142990047776422756e+21 9.553237462015769488e-24 3.657397491615409032e+06
3.147684488669220045e+21 9.552548004222408395e-24 3.662960098052904010e+06
3.152378991800217502e+21 9.551860155924712492e-24 3.668522855682956520e+06
3.157073557033974759e+21 9.551173910944752201e-24 3.674085764175022021e+06
3.161768184235543757e+21 9.550489263137520599e-24 3.679648823199758772e+06
3.166462873270460350e+21 9.549806206390707140e-24 3.685212032429019455e+06
3.171157624004749558e+21 9.549124734624481656e-24 3.690775391535850707e+06
3.175852436304916644e+21 9.548444841791268076e-24 3.696338900194478221e+06
3.180547310037948170e+21 9.547766521875528425e-24 3.701902558080311399e+06
3.185242245071310422e+21 9.547089768893543892e-24 3.707466364869928919e+06
3.189937241272943116e+21 9.546414576893201771e-24 3.713030320241076872e+06
3.194632298511259402e+21 9.545740939953782401e-24 3.718594423872661311e+06
3.199327416655144288e+21 9.545068852185744640e-24 3.724158675444743130e+06
3.204022595573951496e+21 9.544398307730520152e-24 3.729723074638532475e+06
3.208717835137501364e+21 9.543729300760300350e-24 3.735287621136384085e+06
3.213413135216075080e+21 9.543061825477833623e-24 3.740852314621786587e+06
3.218108495680419922e+21 9.542395876116221092e-24 3.746417154779363889e+06
3.222803916401738252e+21 9.541731446938710901e-24 3.751982141294863541e+06
3.227499397251692233e+21 9.541068532238495444e-24 3.757547273855154403e+06
3.232194938102399107e+21 9.540407126338518877e-24 3.763112552148221992e+06
3.236890538826425434e+21 9.539747223591269934e-24 3.768677975863157306e+06
3.241586199296791282e+21 9.539088818378592386e-24 3.774243544690159149e+06
3.246281919386962362e+21 9.538431905111483730e-24 3.779809258320520166e+06
3.250977698970852131e+21 9.537776478229907116e-24 3.785375116446631029e+06
3.255673537922817065e+21 9.537122532202601793e-24 3.790941118761966936e+06
3.260369436117654045e+21 9.536470061526880340e-24 3.796507264961084817e+06
3.265065393430601925e+21 9.535819060728453811e-24 3.802073554739621002e+06
3.269761409737332097e+21 9.535169524361239246e-24 3.807639987794278190e+06
3.274457484913955308e+21 9.534521447007168655e-24 3.813206563822831027e+06
3.279153618837013266e+21 9.533874823276017099e-24 3.818773282524112146e+06
3.283849811383479173e+21 9.533229647805204329e-24 3.824340143598011229e+06
3.288546062430753522e+21 9.532585915259627278e-24 3.829907146745466162e+06
3.293242371856664101e+21 9.531943620331471977e-24 3.835474291668461636e+06
3.297938739539464421e+21 9.531302757740040174e-24 3.841041578070024494e+06
3.302635165357828473e+21 9.530663322231565665e-24 3.846609005654213484e+06
3.307331649190851248e+21 9.530025308579046778e-24 3.852176574126119725e+06
3.312028190918047171e+21 9.529388711582067118e-24 3.857744283191859722e+06
3.316724790419345375e+21 9.528753526066622180e-24 3.863312132558569312e+06
3.321421447575089709e+21 9.528119746884950367e-24 3.868880121934398543e+06
3.326118162266037682e+21 9.527487368915361079e-24 3.874448251028510276e+06
3.330814934373355225e+21 9.526856387062070143e-24 3.880016519551070407e+06
3.335511763778618262e+21 9.526226796255026426e-24 3.885584927213248331e+06
3.340208650363806941e+21 9.525598591449747266e-24 3.891153473727204837e+06
3.344905594011307737e+21 9.524971767627155372e-24 3.896722158806095365e+06
3.349602594603910300e+21 9.524346319793415727e-24 3.902290982164061628e+06
3.354299652024801690e+21 9.523722242979773954e-24 3.907859943516223226e+06
3.358996766157571621e+21 9.523099532242387339e-24 3.913429042578681372e+06
3.363693936886201975e+21 9.522478182662176429e-24 3.918998279068503063e+06
3.368391164095074664e+21 9.521858189344663396e-24 3.924567652703730855e+06
3.373088447668960625e+21 9.521239547419806000e-24 3.930137163203362375e+06
3.377785787493022958e+21 9.520622252041853594e-24 3.935706810287357774e+06
3.382483183452815884e+21 9.520006298389184021e-24 3.941276593676630873e+06
3.387180635434277929e+21 9.519391681664156677e-24 3.946846513093040790e+06
3.391878143323735065e+21 9.518778397092952354e-24 3.952416568259395659e+06
3.396575707007898092e+21 9.518166439925429236e-24 3.957986758899441455e+06
3.401273326373856346e+21 9.517555805434968618e-24 3.963557084737859666e+06
3.405971001309083992e+21 9.516946488918327974e-24 3.969127545500264969e+06
3.410668731701427962e+21 9.516338485695489602e-24 3.974698140913194977e+06
3.415366517439116870e+21 9.515731791109519573e-24 3.980268870704113506e+06
3.420064358410752098e+21 9.515126400526417855e-24 3.985839734601400793e+06
3.424762254505307275e+21 9.514522309334975777e-24 3.991410732334351167e+06
3.429460205612128797e+21 9.513919512946632040e-24 3.996981863633168861e+06
3.434158211620931109e+21 9.513318006795330183e-24 4.002553128228960093e+06
3.438856272421798281e+21 9.512717786337380464e-24 4.008124525853736792e+06
3.443554387905180336e+21 9.512118847051314392e-24 4.013696056240406353e+06
3.448252557961889055e+21 9.511521184437753954e-24 4.019267719122763723e+06
3.452950782483103220e+21 9.510924794019260270e-24 4.024839514235500712e+06
3.457649061360358130e+21 9.510329671340213102e-24 4.030411441314185038e+06
3.462347394485552939e+21 9.509735811966662455e-24 4.035983500095270574e+06
3.467045781750941221e+21 9.509143211486200734e-24 4.041555690316083375e+06
3.471744223049133588e+21 9.508551865507823157e-24 4.047128011714822613e+06
3.476442718273096647e+21 9.507961769661802860e-24 4.052700464030558243e+06
3.481141267316147225e+21 9.507372919599551309e-24 4.058273047003218438e+06
3.485839870071953949e+21 9.506785310993493395e-24 4.063845760373594705e+06
3.490538526434537767e+21 9.506198939536932264e-24 4.069418603883335833e+06
3.495237236298263036e+21 9.505613800943925880e-24 4.074991577274937648e+06
3.499935999557844337e+21 9.505029890949154788e-24 4.080564680291748606e+06
3.504634816108337562e+21 9.504447205307800154e-24 4.086137912677957676e+06
3.509333685845145682e+21 9.503865739795412991e-24 4.091711274178599473e+06
3.514032608664010359e+21 9.503285490207787796e-24 4.097284764539537486e+06
3.518731584461014041e+21 9.502706452360846465e-24 4.102858383507473394e+06
3.523430613132578914e+21 9.502128622090510465e-24 4.108432130829936825e+06
3.528129694575461663e+21 9.501551995252574460e-24 4.114006006255279761e+06
3.532828828686756086e+21 9.500976567722591709e-24 4.119580009532675613e+06
3.537528015363891003e+21 9.500402335395752100e-24 4.125154140412118752e+06
3.542227254504623964e+21 9.499829294186760200e-24 4.130728398644413333e+06
3.546926546007048061e+21 9.499257440029714761e-24 4.136302783981176093e+06
3.551625889769580921e+21 9.498686768878002929e-24 4.141877296174827497e+06
3.556325285690972045e+21 9.498117276704165062e-24 4.147451934978593141e+06
3.561024733670296519e+21 9.497548959499794810e-24 4.153026700146496762e+06
3.565724233606952387e+21 9.496981813275412753e-24 4.158601591433356982e+06
3.570423785400662753e+21 9.496415834060362074e-24 4.164176608594784047e+06
3.575123388951472636e+21 9.495851017902685131e-24 4.169751751387177967e+06
3.579823044159746867e+21 9.495287360869017667e-24 4.175327019567719195e+06
3.584522750926171668e+21 9.494724859044474192e-24 4.180902412894377019e+06
3.589222509151747834e+21 9.494163508532539258e-24 4.186477931125889998e+06
3.593922318737795449e+21 9.493603305454949902e-24 4.192053574021776672e+06
3.598622179585946026e+21 9.493044245951600144e-24 4.197629341342322528e+06
3.603322091598148272e+21 9.492486326180417555e-24 4.203205232848582789e+06
3.608022054676661273e+21 9.491929542317266279e-24 4.208781248302374966e+06
3.612722068724053967e+21 9.491373890555835365e-24 4.214357387466276996e+06
3.617422133643205673e+21 9.490819367107530030e-24 4.219933650103623979e+06
3.622122249337303466e+21 9.490265968201371744e-24 4.225510035978505388e+06
3.626822415709841654e+21 9.489713690083888025e-24 4.231086544855760410e+06
3.631522632664619155e+21 9.489162529019018402e-24 4.236663176500974223e+06
3.636222900105737404e+21 9.488612481287993928e-24 4.242239930680477060e+06
3.640923217937602970e+21 9.488063543189256358e-24 4.247816807161336765e+06
3.645623586064921788e+21 9.487515711038336200e-24 4.253393805711361580e+06
3.650324004392699691e+21 9.486968981167764549e-24 4.258970926099091768e+06
3.655024472826243449e+21 9.486423349926968759e-24 4.264548168093798682e+06
3.659724991271153435e+21 9.485878813682172531e-24 4.270125531465480104e+06
3.664425559633328341e+21 9.485335368816295993e-24 4.275703015984857455e+06
3.669126177818960986e+21 9.484793011728864603e-24 4.281280621423374861e+06
3.673826845734536741e+21 9.484251738835901877e-24 4.286858347553190775e+06
3.678527563286835102e+21 9.483711546569838298e-24 4.292436194147184491e+06
3.683228330382924448e+21 9.483172431379411392e-24 4.298014160978940316e+06
3.687929146930162565e+21 9.482634389729579039e-24 4.303592247822753154e+06
3.692630012836197171e+21 9.482097418101415145e-24 4.309170454453622922e+06
3.697330928008961196e+21 9.481561512992021482e-24 4.314748780647253618e+06
3.702031892356675404e+21 9.481026670914427772e-24 4.320327226180046797e+06
3.706732905787842626e+21 9.480492888397510867e-24 4.325905790829098783e+06
3.711433968211250905e+21 9.479960161985887493e-24 4.331484474372199737e+06
3.716135079535968780e+21 9.479428488239837834e-24 4.337063276587830856e+06
3.720836239671346856e+21 9.478897863735204151e-24 4.342642197255157866e+06
3.725537448527016231e+21 9.478368285063304090e-24 4.348221236154034734e+06
3.730238706012883780e+21 9.477839748830845454e-24 4.353800393064993434e+06
3.734940012039135298e+21 9.477312251659826290e-24 4.359379667769243009e+06
3.739641366516232880e+21 9.476785790187464360e-24 4.364959060048669577e+06
3.744342769354912301e+21 9.476260361066088402e-24 4.370538569685831666e+06
3.749044220466184061e+21 9.475735960963067607e-24 4.376118196463955566e+06
3.753745719761331290e+21 9.475212586560719046e-24 4.381697940166936256e+06
3.758447267151907127e+21 9.474690234556223914e-24 4.387277800579330884e+06
3.763148862549735244e+21 9.474168901661536434e-24 4.392857777486355044e+06
3.767850505866909843e+21 9.473648584603308915e-24 4.398437870673888363e+06
3.772552197015791469e+21 9.473129280122797714e-24 4.404018079928459600e+06
3.777253935909007524e+21 9.472610984975789767e-24 4.409598405037253164e+06
3.781955722459452277e+21 9.472093695932511489e-24 4.415178845788102597e+06
3.786657556580283187e+21 9.471577409777552369e-24 4.420759401969485916e+06
3.791359438184919859e+21 9.471062123309776801e-24 4.426340073370526545e+06
3.796061367187048235e+21 9.470547833342252094e-24 4.431920859780993313e+06
3.800763343500610109e+21 9.470034536702160302e-24 4.437501760991284624e+06
3.805465367039813091e+21 9.469522230230720353e-24 4.443082776792442426e+06
3.810167437719116972e+21 9.469010910783111639e-24 4.448663906976138242e+06
3.814869555453245260e+21 9.468500575228388793e-24 4.454245151334674098e+06
3.819571720157176267e+21 9.467991220449411162e-24 4.459826509660983458e+06
3.824273931746141536e+21 9.467482843342759047e-24 4.465407981748618186e+06
3.828976190135631610e+21 9.466975440818658772e-24 4.470989567391759716e+06
3.833678495241386590e+21 9.466469009800904804e-24 4.476571266385204159e+06
3.838380846979401384e+21 9.465963547226787754e-24 4.482153078524366021e+06
3.843083245265921507e+21 9.465459050047010624e-24 4.487735003605276346e+06
3.847785690017442038e+21 9.464955515225622685e-24 4.493317041424577124e+06
3.852488181150710235e+21 9.464452939739935722e-24 4.498899191779521294e+06
3.857190718582716105e+21 9.463951320580457915e-24 4.504481454467962496e+06
3.861893302230703407e+21 9.463450654750820367e-24 4.510063829288367182e+06
3.866595932012157600e+21 9.462950939267690416e-24 4.515646316039799713e+06
3.871298607844810555e+21 9.462452171160720203e-24 4.521228914521922357e+06
3.876001329646640038e+21 9.461954347472457041e-24 4.526811624534997158e+06
3.880704097335862886e+21 9.461457465258278767e-24 4.532394445879878476e+06
3.885406910830942355e+21 9.460961521586323205e-24 4.537977378358012997e+06
3.890109770050580775e+21 9.460466513537417644e-24 4.543560421771439724e+06
3.894812674913720074e+21 9.459972438205002425e-24 4.549143575922778808e+06
3.899515625339542307e+21 9.459479292695069233e-24 4.554726840615240857e+06
3.904218621247468077e+21 9.458987074126089090e-24 4.560310215652614832e+06
3.908921662557153395e+21 9.458495779628943305e-24 4.565893700839270838e+06
3.913624749188492820e+21 9.458005406346849997e-24 4.571477295980155468e+06
3.918327881061613699e+21 9.457515951435308263e-24 4.577061000880790874e+06
3.923031058096880353e+21 9.457027412062015891e-24 4.582644815347274765e+06
3.927734280214886744e+21 9.456539785406816468e-24 4.588228739186266437e+06
3.932437547336463811e+21 9.456053068661622967e-24 4.593812772205004469e+06
3.937140859382669509e+21 9.455567259030354565e-24 4.599396914211282507e+06
3.941844216274794578e+21 9.455082353728873465e-24 4.604981165013466030e+06
3.946547617934359396e+21 9.454598349984915830e-24 4.610565524420476519e+06
3.951251064283111358e+21 9.454115245038031541e-24 4.616149992241793312e+06
3.955954555243026973e+21 9.453633036139510731e-24 4.621734568287455477e+06
3.960658090736309240e+21 9.453151720552335291e-24 4.627319252368053421e+06
3.965361670685386605e+21 9.452671295551099528e-24 4.632904044294732623e+06
3.970065295012911907e+21 9.452191758421955799e-24 4.638488943879184313e+06
3.974768963641762382e+21 9.451713106462549854e-24 4.644073950933648273e+06
3.979472676495039136e+21 9.451235336981959127e-24 4.649659065270910971e+06
3.984176433496065049e+21 9.450758447300631021e-24 4.655244286704300903e+06
3.988880234568382153e+21 9.450282434750318256e-24 4.660829615047685802e+06
3.993584079635756876e+21 9.449807296674021563e-24 4.666415050115474500e+06
3.998287968622170604e+21 9.449333030425930911e-24 4.672000591722609475e+06
4.002991901451827020e+21 9.448859633371356445e-24 4.677586239684568718e+06
4.007695878049145815e+21 9.448387102886679997e-24 4.683171993817362003e+06
4.012399898338763735e+21 9.447915436359287496e-24 4.688757853937529959e+06
4.017103962245534581e+21 9.447444631187510192e-24 4.694343819862141274e+06
4.021808069694523965e+21 9.446974684780574699e-24 4.699929891408784315e+06
4.026512220611015082e+21 9.446505594558532465e-24 4.705516068395579234e+06
4.031216414920505033e+21 9.446037357952208343e-24 4.711102350641163997e+06
4.035920652548699587e+21 9.445569972403147694e-24 4.716688737964694388e+06
4.040624933421519471e+21 9.445103435363545859e-24 4.722275230185845867e+06
4.045329257465095127e+21 9.444637744296207015e-24 4.727861827124806121e+06
4.050033624605766713e+21 9.444172896674473645e-24 4.733448528602278791e+06
4.054738034770085151e+21 9.443708889982182460e-24 4.739035334439479746e+06
4.059442487884807930e+21 9.443245721713602682e-24 4.744622244458128698e+06
4.064146983876901208e+21 9.442783389373375800e-24 4.750209258480456658e+06
4.068851522673535615e+21 9.442321890476471492e-24 4.755796376329196617e+06
4.073556104202090971e+21 9.441861222548125910e-24 4.761383597827588208e+06
4.078260728390150521e+21 9.441401383123790250e-24 4.766970922799368389e+06
4.082965395165500408e+21 9.440942369749074921e-24 4.772558351068775170e+06
4.087670104456133345e+21 9.440484179979696641e-24 4.778145882460542955e+06
4.092374856190241276e+21 9.440026811381422607e-24 4.783733516799901612e+06
4.097079650296220615e+21 9.439570261530027882e-24 4.789321253912572749e+06
4.101784486702668579e+21 9.439114528011226330e-24 4.794909093624772504e+06
4.106489365338380042e+21 9.438659608420632420e-24 4.800497035763199441e+06
4.111194286132353827e+21 9.438205500363703915e-24 4.806085080155049451e+06
4.115899249013781692e+21 9.437752201455690446e-24 4.811673226627992466e+06
4.120604253912058823e+21 9.437299709321580615e-24 4.817261475010189228e+06
4.125309300756775436e+21 9.436848021596056444e-24 4.822849825130283833e+06
4.130014389477716263e+21 9.436397135923434601e-24 4.828438276817390695e+06
4.134719520004864737e+21 9.435947049957628197e-24 4.834026829901113175e+06
4.139424692268396708e+21 9.435497761362083599e-24 4.839615484211519361e+06
4.144129906198683582e+21 9.435049267809736355e-24 4.845204239579162560e+06
4.148835161726291280e+21 9.434601566982967109e-24 4.850793095835061744e+06
4.153540458781973414e+21 9.434154656573542828e-24 4.856382052810704336e+06
4.158245797296681779e+21 9.433708534282577128e-24 4.861971110338053666e+06
4.162951177201553768e+21 9.433263197820477377e-24 4.867560268249531277e+06
4.167656598427921285e+21 9.432818644906894738e-24 4.873149526378030889e+06
4.172362060907303928e+21 9.432374873270678615e-24 4.878738884556906298e+06
4.177067564571408990e+21 9.431931880649834045e-24 4.884328342619969510e+06
4.181773109352135655e+21 9.431489664791465861e-24 4.889917900401500054e+06
4.186478695181566607e+21 9.431048223451736080e-24 4.895507557736226358e+06
4.191184321991972749e+21 9.430607554395819821e-24 4.901097314459337853e+06
4.195889989715812680e+21 9.430167655397850940e-24 4.906687170406478457e+06
4.200595698285726925e+21 9.429728524240889703e-24 4.912277125413740985e+06
4.205301447634543182e+21 9.429290158716861072e-24 4.917867179317672737e+06
4.210007237695272124e+21 9.428852556626519443e-24 4.923457331955268048e+06
4.214713068401106878e+21 9.428415715779403091e-24 4.929047583163967356e+06
4.219418939685426692e+21 9.427979633993784216e-24 4.934637932781662792e+06
4.224124851481785926e+21 9.427544309096630737e-24 4.940228380646680482e+06
4.228830803723926634e+21 9.427109738923556333e-24 4.945818926597798243e+06
4.233536796345766511e+21 9.426675921318779303e-24 4.951409570474226028e+06
4.238242829281405698e+21 9.426242854135078483e-24 4.957000312115618028e+06
4.242948902465123123e+21 9.425810535233746226e-24 4.962591151362066157e+06
4.247655015831374397e+21 9.425378962484557548e-24 4.968182088054094464e+06
4.252361169314794439e+21 9.424948133765708410e-24 4.973773122032662854e+06
4.257067362850193801e+21 9.424518046963787806e-24 4.979364253139158711e+06
4.261773596372560249e+21 9.424088699973727798e-24 4.984955481215408072e+06
4.266479869817058755e+21 9.423660090698765319e-24 4.990546806103661656e+06
4.271186183119025209e+21 9.423232217050401022e-24 4.996138227646592073e+06
4.275892536213973762e+21 9.422805076948352272e-24 5.001729745687308721e+06
4.280598929037589479e+21 9.422378668320514931e-24 5.007321360069336370e+06
4.285305361525732016e+21 9.421952989102923692e-24 5.012913070636622608e+06
4.290011833614433518e+21 9.421528037239706526e-24 5.018504877233542502e+06
4.294718345239896523e+21 9.421103810683055297e-24 5.024096779704880901e+06
4.299424896338496061e+21 9.420680307393166982e-24 5.029688777895850129e+06
4.304131486846775984e+21 9.420257525338220169e-24 5.035280871652069502e+06
4.308838116701451583e+21 9.419835462494329498e-24 5.040873060819578357e+06
4.313544785839407497e+21 9.419414116845501587e-24 5.046465345244829543e+06
4.318251494197694562e+21 9.418993486383601233e-24 5.052057724774681032e+06
4.322958241713533485e+21 9.418573569108310271e-24 5.057650199256408960e+06
4.327665028324310647e+21 9.418154363027092307e-24 5.063242768537690863e+06
4.332371853967581774e+21 9.417735866155141293e-24 5.068835432466616854e+06
4.337078718581067219e+21 9.417318076515363892e-24 5.074428190891677514e+06
4.341785622102650388e+21 9.416900992138320708e-24 5.080021043661768548e+06
4.346492564470383510e+21 9.416484611062201299e-24 5.085613990626189858e+06
4.351199545622479766e+21 9.416068931332784510e-24 5.091207031634639017e+06
4.355906565497317491e+21 9.415653951003391454e-24 5.096800166537215933e+06
4.360613624033439121e+21 9.415239668134863465e-24 5.102393395184418187e+06
4.365320721169545429e+21 9.414826080795512146e-24 5.107986717427133583e+06
4.370027856844504957e+21 9.414413187061089980e-24 5.113580133116655983e+06
4.374735030997340389e+21 9.414000985014747716e-24 5.119173642104660161e+06
4.379442243567240610e+21 9.413589472747006453e-24 5.124767244243222289e+06
4.384149494493552837e+21 9.413178648355713558e-24 5.130360939384804107e+06
4.388856783715782099e+21 9.412768509946007403e-24 5.135954727382258512e+06
4.393564111173594907e+21 9.412359055630287976e-24 5.141548608088826761e+06
4.398271476806812434e+21 9.411950283528174268e-24 5.147142581358131021e+06
4.402978880555417862e+21 9.411542191766471951e-24 5.152736647044185549e+06
4.407686322359548510e+21 9.411134778479138110e-24 5.158330805001383647e+06
4.412393802159497937e+21 9.410728041807247447e-24 5.163925055084498599e+06
4.417101319895717511e+21 9.410321979898954080e-24 5.169519397148691118e+06
4.421808875508812743e+21 9.409916590909460684e-24 5.175113831049492583e+06
4.426516468939543806e+21 9.409511873000981760e-24 5.180708356642818078e+06
4.431224100128827113e+21 9.409107824342711305e-24 5.186302973784960806e+06
4.435931769017728500e+21 9.408704443110787548e-24 5.191897682332579046e+06
4.440639475547472134e+21 9.408301727488262096e-24 5.197492482142716646e+06
4.445347219659430035e+21 9.407899675665058789e-24 5.203087373072780669e+06
4.450055001295129412e+21 9.407498285837951660e-24 5.208682354980553500e+06
4.454762820396247941e+21 9.407097556210522325e-24 5.214277427724187262e+06
4.459470676904613249e+21 9.406697484993130593e-24 5.219872591162200086e+06
4.464178570762205004e+21 9.406298070402883610e-24 5.225467845153478906e+06
4.468886501911150723e+21 9.405899310663600597e-24 5.231063189557274804e+06
4.473594470293727871e+21 9.405501204005780520e-24 5.236658624233201146e+06
4.478302475852365431e+21 9.405103748666572704e-24 5.242254149041241966e+06
4.483010518529635516e+21 9.404706942889741570e-24 5.247849763841733336e+06
4.487718598268262810e+21 9.404310784925637245e-24 5.253445468495378271e+06
4.492426715011114074e+21 9.403915273031161767e-24 5.259041262863233685e+06
4.497134868701207593e+21 9.403520405469739700e-24 5.264637146806719713e+06
4.501843059281705304e+21 9.403126180511284336e-24 5.270233120187608525e+06
4.506551286695913325e+21 9.402732596432175655e-24 5.275829182868028991e+06
4.511259550887286669e+21 9.402339651515211835e-24 5.281425334710463881e+06
4.515967851799421387e+21 9.401947344049594563e-24 5.287021575577748939e+06
4.520676189376058229e+21 9.401555672330895234e-24 5.292617905333070084e+06
4.525384563561083699e+21 9.401164634661016747e-24 5.298214323839963414e+06
4.530092974298523763e+21 9.400774229348174410e-24 5.303810830962316133e+06
4.534801421532549087e+21 9.400384454706854790e-24 5.309407426564358175e+06
4.539509905207471374e+21 9.399995309057798086e-24 5.315004110510670580e+06
4.544218425267744408e+21 9.399606790727956984e-24 5.320600882666177116e+06
4.548926981657964052e+21 9.399218898050476087e-24 5.326197742896148004e+06
4.553635574322862490e+21 9.398831629364655178e-24 5.331794691066190600e+06
4.558344203207317127e+21 9.398444983015925716e-24 5.337391727042259648e+06
4.563052868256340640e+21 9.398058957355821442e-24 5.342988850690645166e+06
4.567761569415086735e+21 9.397673550741944589e-24 5.348586061877979897e+06
4.572470306628848058e+21 9.397288761537945305e-24 5.354183360471234657e+06
4.577179079843052519e+21 9.396904588113483457e-24 5.359780746337710880e+06
4.581887889003269063e+21 9.396521028844209523e-24 5.365378219345053658e+06
4.586596734055200326e+21 9.396138082111730798e-24 5.370975779361234978e+06
4.591305614944687882e+21 9.395755746303584947e-24 5.376573426254564896e+06
4.596014531617709097e+21 9.395374019813215024e-24 5.382171159893684089e+06
4.600723484020374503e+21 9.394992901039935679e-24 5.387768980147561990e+06
4.605432472098933572e+21 9.394612388388911114e-24 5.393366886885501444e+06
4.610141495799765795e+21 9.394232480271124229e-24 5.398964879977125674e+06
4.614850555069389079e+21 9.393853175103353110e-24 5.404562959292395972e+06
4.619559649854453449e+21 9.393474471308140175e-24 5.410161124701592140e+06
4.624268780101741052e+21 9.393096367313768661e-24 5.415759376075320877e+06
4.628977945758168252e+21 9.392718861554233239e-24 5.421357713284512982e+06
4.633687146770783011e+21 9.392341952469215034e-24 5.426956136200423352e+06
4.638396383086764360e+21 9.391965638504050768e-24 5.432554644694624469e+06
4.643105654653425025e+21 9.391589918109719536e-24 5.438153238639012910e+06
4.647814961418205659e+21 9.391214789742798725e-24 5.443751917905801907e+06
4.652524303328680083e+21 9.390840251865449319e-24 5.449350682367525995e+06
4.657233680332549521e+21 9.390466302945389453e-24 5.454949531897031702e+06
4.661943092377646793e+21 9.390092941455867962e-24 5.460548466367487796e+06
4.666652539411934216e+21 9.389720165875632057e-24 5.466147485652372241e+06
4.671362021383499416e+21 9.389347974688914098e-24 5.471746589625481516e+06
