989
0.000000000000000000e+00 3.286170760136469447e-20 0.000000000000000000e+00
2.822405407187562496e+18 2.897522631348276783e-20 7.619748069688778196e+04
3.308037903611608576e+18 2.626571890545078410e-20 9.081004902533483983e+04
3.777190197955866112e+18 2.426389095702103900e-20 1.052017906120457919e+05
4.236888154259781632e+18 2.272122624734365218e-20 1.195170091055707599e+05
4.690800925333450752e+18 2.149372540641087668e-20 1.338247262265449390e+05
5.141037744938407936e+18 2.049213237080660796e-20 1.481603612585598894e+05
5.588893892675496960e+18 1.965814304536263961e-20 1.625426213779552490e+05
6.035203882812787712e+18 1.895203628870410444e-20 1.769812801507607219e+05
6.480525093666618368e+18 1.834580167835402915e-20 1.914810950428667711e+05
6.925240207550436352e+18 1.781910970769621050e-20 2.060439143259107077e+05
7.369617594968361984e+18 1.735684066611446011e-20 2.206698677852557739e+05
7.813848522090973184e+18 1.694751106119414643e-20 2.353580656091890996e+05
8.258070928528958464e+18 1.658223871847177701e-20 2.501070205824467703e+05
8.702385093410658304e+18 1.625404287339399871e-20 2.649149086039950489e+05
9.146864227617524736e+18 1.595735911552273885e-20 2.797797317800817546e+05
9.591561796212078592e+18 1.568769591018521881e-20 2.946994213172379532e+05
1.003651667863966925e+19 1.544138667165937812e-20 3.096719024540128303e+05
1.048175686660964147e+19 1.521540771379811706e-20 3.246951350671030232e+05
1.092730215326099251e+19 1.500724249574974469e-20 3.397671384990355582e+05
1.137316611422496154e+19 1.481477896695328391e-20 3.548860060661081807e+05
1.181935758379915674e+19 1.463623094957320246e-20 3.700499127881784807e+05
1.226588176606808883e+19 1.447007722770582988e-20 3.852571186682932894e+05
1.271274107874305229e+19 1.431501385091586971e-20 4.005059690686682006e+05
1.315993579907931341e+19 1.416991641807224176e-20 4.157948932187167811e+05
1.360746456172163686e+19 1.403380998245470732e-20 4.311224015526129515e+05
1.405532474473967821e+19 1.390584483629625154e-20 4.464870823474317440e+05
1.450351277051964006e+19 1.378527687407530517e-20 4.618875979798814515e+05
1.495202434132018995e+19 1.367145155308311173e-20 4.773226810154310078e+05
1.540085462434221466e+19 1.356379070341884680e-20 4.927911302722436958e+05
1.584999839753974579e+19 1.346178161238059836e-20 5.082918069532228983e+05
1.629945016472734720e+19 1.336496793732825837e-20 5.238236309056127793e+05
1.674920424655056691e+19 1.327294209844901067e-20 5.393855770442651119e+05
1.719925485239318323e+19 1.318533887690990907e-20 5.549766719586332329e+05
1.764959613716623155e+19 1.310183000067508484e-20 5.705959907125985483e+05
1.810022224606322688e+19 1.302211954415836214e-20 5.862426538388232002e+05
1.855112734970647347e+19 1.294594000205305201e-20 6.019158245244157733e+05
1.900230567159971840e+19 1.287304892446706524e-20 6.176147059815117391e+05
1.945375150940704358e+19 1.280322602162588719e-20 6.333385389944337076e+05
1.990545925126905037e+19 1.273627066318459761e-20 6.490865996339825215e+05
2.035742338812478669e+19 1.267199971058882061e-20 6.648581971288993955e+05
2.080963852281702400e+19 1.261024563168406188e-20 6.806526718844315037e+05
2.126209937660660122e+19 1.255085485545897700e-20 6.964693936380747473e+05
2.171480079360138445e+19 1.249368633185581175e-20 7.123077597429141169e+05
2.216773774350886912e+19 1.243861026732758315e-20 7.281671935694074491e+05
2.262090532304429056e+19 1.238550701152772136e-20 7.440471430169688538e+05
2.307429875626408346e+19 1.233426607439015214e-20 7.599470791272378992e+05
2.352791339404422758e+19 1.228478525605630888e-20 7.758664947914577788e+05
2.398174471288246272e+19 1.223696987475924483e-20 7.918049035449175863e+05
2.443578831317053850e+19 1.219073207998436182e-20 8.077618384419352515e+05
2.489003991705547571e+19 1.214599024007309857e-20 8.237368510053363862e+05
2.534449536598735667e+19 1.210266839498499840e-20 8.397295102448584512e+05
2.579915061803286118e+19 1.206069576623730111e-20 8.557394017393372487e+05
2.625400174501938790e+19 1.202000631714224033e-20 8.717661267779417103e+05
2.670904492956241920e+19 1.198053835739496239e-20 8.878093015560936183e+05
2.716427646201887130e+19 1.194223418685744038e-20 9.038685564220604720e+05
2.761969273740124160e+19 1.190503977405927966e-20 9.199435351705278736e+05
2.807529025228036096e+19 1.186890446551355585e-20 9.360338943797502434e+05
2.853106560169929114e+19 1.183378072244058001e-20 9.521393027891536476e+05
2.898701547611626701e+19 1.179962388191752757e-20 9.682594407145094592e+05
2.944313665839072461e+19 1.176639193983826394e-20 9.843939994980245829e+05
2.989942602082362163e+19 1.173404535338382754e-20 1.000542680990912137e+06
3.035588052226037760e+19 1.170254686097796730e-20 1.016705197066179360e+06
3.081249720526292173e+19 1.167186131793965322e-20 1.032881269159566145e+06
3.126927319335553024e+19 1.164195554625116386e-20 1.049070627836714499e+06
3.172620568834763981e+19 1.161279819704038085e-20 1.065273012384798378e+06
3.218329196773575885e+19 1.158435962453327975e-20 1.081488170426983619e+06
3.264052938218568909e+19 1.155661177037016737e-20 1.097715857558207586e+06
3.309791535309533184e+19 1.152952805730005289e-20 1.113955837000879459e+06
3.355544737023793152e+19 1.150308329137349032e-20 1.130207879279213492e+06
3.401312298948494541e+19 1.147725357184764792e-20 1.146471761910992209e+06
3.447093983060753613e+19 1.145201620809970731e-20 1.162747269115658710e+06
3.492889557515507712e+19 1.142734964291737166e-20 1.179034191537703620e+06
3.538698796440915149e+19 1.140323338159971955e-20 1.195332325984393479e+06
3.584521479741103718e+19 1.137964792635859111e-20 1.211641475176956272e+06
3.630357392906087629e+19 1.135657471556147465e-20 1.227961447514403844e+06
3.676206326828620186e+19 1.133399606740179181e-20 1.244292056849217508e+06
3.722068077627786854e+19 1.131189512762269648e-20 1.260633122274194146e+06
3.767942446479111782e+19 1.129025582095627996e-20 1.276984467919783900e+06
3.813829239450954138e+19 1.126906280597196249e-20 1.293345922761305002e+06
3.859728267346985779e+19 1.124830143305662296e-20 1.309717320435458096e+06
3.905639345554527027e+19 1.122795770527443471e-20 1.326098499065607786e+06
3.951562293898516890e+19 1.120801824187755433e-20 1.342489301095321542e+06
3.997496936500926874e+19 1.118847024425931995e-20 1.358889573129707947e+06
4.043443101645394739e+19 1.116930146416025792e-20 1.375299165784109617e+06
4.089400621646889779e+19 1.115050017395387119e-20 1.391717933539746795e+06
4.135369332726204826e+19 1.113205513885433117e-20 1.408145734605924226e+06
4.181349074889095578e+19 1.111395559090169015e-20 1.424582430788446916e+06
4.227339691809875558e+19 1.109619120459269547e-20 1.441027887363908580e+06
4.273341030719288115e+19 1.107875207403622705e-20 1.457481972959532402e+06
4.319352942296508006e+19 1.106162869152263985e-20 1.473944559438283788e+06
4.365375280565064499e+19 1.104481192740531755e-20 1.490415521788956597e+06
4.411407902792577024e+19 1.102829301120109930e-20 1.506894738020993769e+06
4.457450669394105958e+19 1.101206351382377449e-20 1.523382089063785272e+06
4.503503443839005491e+19 1.099611533087169334e-20 1.539877458670215216e+06
4.549566092561123738e+19 1.098044066689681767e-20 1.556380733324250905e+06
4.595638484872213299e+19 1.096503202058818684e-20 1.572891802152358694e+06
4.641720492878424474e+19 1.094988217080802882e-20 1.589410556838562014e+06
4.687811991399764787e+19 1.093498416342345796e-20 1.605936891542963218e+06
4.733912857892391322e+19 1.092033129888102351e-20 1.622470702823552070e+06
4.780022972373638349e+19 1.090591712047541441e-20 1.639011889561148826e+06
4.826142217349657395e+19 1.089173540326717539e-20 1.655560352887326619e+06
4.872270477745568973e+19 1.087778014360768538e-20 1.672115996115168091e+06
4.918407640838032589e+19 1.086404554923267487e-20 1.688678724672729382e+06
4.964553596190126080e+19 1.085052602988838186e-20 1.705248446039076662e+06
5.010708235588460544e+19 1.083721618845702313e-20 1.721825069682778325e+06
5.056871452982421094e+19 1.082411081255062162e-20 1.738408507002739469e+06
5.103043144425469542e+19 1.081120486654440625e-20 1.754998671271272236e+06
5.149223208018414797e+19 1.079849348402306187e-20 1.771595477579292841e+06
5.195411543854576435e+19 1.078597196061488564e-20 1.788198842783560045e+06
5.241608053966782464e+19 1.077363574719067536e-20 1.804808685455858475e+06
5.287812642276101325e+19 1.076148044340572227e-20 1.821424925834034570e+06
5.334025214542268826e+19 1.074950179156477171e-20 1.838047485774814151e+06
5.380245678315734630e+19 1.073769567079109873e-20 1.854676288708316395e+06
5.426473942891253760e+19 1.072605809148219508e-20 1.871311259594190633e+06
5.472709919262992794e+19 1.071458519003560711e-20 1.887952324879311025e+06
5.518953520081063936e+19 1.070327322382961318e-20 1.904599412456955062e+06
5.565204659609451725e+19 1.069211856644439574e-20 1.921252451627411414e+06
5.611463253685272576e+19 1.068111770311026828e-20 1.937911373059946811e+06
5.657729219679318835e+19 1.067026722637040298e-20 1.954576108756084228e+06
5.704002476457841459e+19 1.065956383194625926e-20 1.971246592014134629e+06
5.750282944345522176e+19 1.064900431479467710e-20 1.987922757394926157e+06
5.796570545089594163e+19 1.063858556534630413e-20 2.004604540688689332e+06
5.842865201825066189e+19 1.062830456591558850e-20 2.021291878883047029e+06
5.889166839041013350e+19 1.061815838727325551e-20 2.037984710132060340e+06
5.935475382547895091e+19 1.060814418537267209e-20 2.054682973726302851e+06
5.981790759445857894e+19 1.059825919822206132e-20 2.071386610063900938e+06
6.028112898093998899e+19 1.058850074289494911e-20 2.088095560622520512e+06
6.074441728080544563e+19 1.057886621267178171e-20 2.104809767932256218e+06
6.120777180193914061e+19 1.056935307430594027e-20 2.121529175549381413e+06
6.167119186394646118e+19 1.055995886540788111e-20 2.138253728030938189e+06
6.213467679788145869e+19 1.055068119194141925e-20 2.154983370910128113e+06
6.259822594598224691e+19 1.054151772582657455e-20 2.171718050672465935e+06
6.306183866141422387e+19 1.053246620264365264e-20 2.188457714732688852e+06
6.352551430802055987e+19 1.052352441943361766e-20 2.205202311412366107e+06
6.398925226007996826e+19 1.051469023259000104e-20 2.221951789918203838e+06
6.445305190207132467e+19 1.050596155583793886e-20 2.238706100321006961e+06
6.491691262844502835e+19 1.049733635829610260e-20 2.255465193535281811e+06
6.538083384340079411e+19 1.048881266261757935e-20 2.272229021299448330e+06
6.584481496067167846e+19 1.048038854320593562e-20 2.288997536156648770e+06
6.630885540331418419e+19 1.047206212450292564e-20 2.305770691436120309e+06
6.677295460350408294e+19 1.046383157934446942e-20 2.322548441235119943e+06
6.723711200233808691e+19 1.045569512738174231e-20 2.339330740401383955e+06
6.770132704964070605e+19 1.044765103356435167e-20 2.356117544516087975e+06
6.816559920377656115e+19 1.043969760668275395e-20 2.372908809877307154e+06
6.862992793146779238e+19 1.043183319796721445e-20 2.389704493483953178e+06
6.909431270761627648e+19 1.042405619974074713e-20 2.406504553020166233e+06
6.955875301513075917e+19 1.041636504412359728e-20 2.423308946840149816e+06
7.002324834475850957e+19 1.040875820178698724e-20 2.440117633953437675e+06
7.048779819492145562e+19 1.040123418075389557e-20 2.456930574010568205e+06
7.095240207155676774e+19 1.039379152524485467e-20 2.473747727289167233e+06
7.141705948796145664e+19 1.038642881456672688e-20 2.490569054680405185e+06
7.188176996464113254e+19 1.037914466204265628e-20 2.507394517675833777e+06
7.234653302916275405e+19 1.037193771398135461e-20 2.524224078354586381e+06
7.281134821601099776e+19 1.036480664868407676e-20 2.541057699370914139e+06
7.327621506644856013e+19 1.035775017548764422e-20 2.557895343942075036e+06
7.374113312837982618e+19 1.035076703384201945e-20 2.574736975836535916e+06
7.420610195621812634e+19 1.034385599242092794e-20 2.591582559362496249e+06
7.467112111075634381e+19 1.033701584826420857e-20 2.608432059356715064e+06
7.513619015904070861e+19 1.033024542595048970e-20 2.625285441173632164e+06
7.560130867424788480e+19 1.032354357679902670e-20 2.642142670674778521e+06
7.606647623556500685e+19 1.031690917809941870e-20 2.659003714218460023e+06
7.653169242807264870e+19 1.031034113236811988e-20 2.675868538649706636e+06
7.699695684263090586e+19 1.030383836663062887e-20 2.692737111290490255e+06
7.746226907576798413e+19 1.029739983172834802e-20 2.709609399930180050e+06
7.792762872957177037e+19 1.029102450164907302e-20 2.726485372816257644e+06
7.839303541158382797e+19 1.028471137288022496e-20 2.743364998645253014e+06
7.885848873469604659e+19 1.027845946378388759e-20 2.760248246553916018e+06
7.932398831704984781e+19 1.027226781399280109e-20 2.777135086110613775e+06
7.978953378193763533e+19 1.026613548382648930e-20 2.794025487306932919e+06
8.025512475770675200e+19 1.026006155372673958e-20 2.810919420549499337e+06
8.072076087766559949e+19 1.025404512371167839e-20 2.827816856651993468e+06
8.118644177999196979e+19 1.024808531284773247e-20 2.844717766827363055e+06
8.165216710764375245e+19 1.024218125873878797e-20 2.861622122680234723e+06
8.211793650827126374e+19 1.023633211703189146e-20 2.878529896199493203e+06
8.258374963413216461e+19 1.023053706093886405e-20 2.895441059751057532e+06
8.304960614200786944e+19 1.022479528077324604e-20 2.912355586070814636e+06
8.351550569312215040e+19 1.021910598350197064e-20 2.929273448257737327e+06
8.398144795306159309e+19 1.021346839231123216e-20 2.946194619767155964e+06
8.444743259169765786e+19 1.020788174618603905e-20 2.963119074404187500e+06
8.491345928311078912e+19 1.020234529950291427e-20 2.980046786317331251e+06
8.537952770551601562e+19 1.019685832163529030e-20 2.996977729992202483e+06
8.584563754119028736e+19 1.019142009657112180e-20 3.013911880245416425e+06
8.631178847640159846e+19 1.018602992254227043e-20 3.030849212218617089e+06
8.677798020133927322e+19 1.018068711166526183e-20 3.047789701372636016e+06
8.724421241004636570e+19 1.017539098959296452e-20 3.064733323481796775e+06
8.771048480035299328e+19 1.017014089517685563e-20 3.081680054628335871e+06
8.817679707381145600e+19 1.016493618013943067e-20 3.098629871196959168e+06
8.864314893563279770e+19 1.015977620875648078e-20 3.115582749869522639e+06
8.910954009462448128e+19 1.015466035754880855e-20 3.132538667619824409e+06
8.957597026312970240e+19 1.014958801498311903e-20 3.149497601708522066e+06
9.004243915696778445e+19 1.014455858118172793e-20 3.166459529678157531e+06
9.050894649537598259e+19 1.013957146764080109e-20 3.183424429348293226e+06
9.097549200095250022e+19 1.013462609695681222e-20 3.200392278810757678e+06
9.144207539960070144e+19 1.012972190256098126e-20 3.217363056424993556e+06
9.190869642047450317e+19 1.012485832846135022e-20 3.234336740813510492e+06
9.237535479592486502e+19 1.012003482899231898e-20 3.251313310857427306e+06
9.284205026144750797e+19 1.011525086857132815e-20 3.268292745692122728e+06
9.330878255563171430e+19 1.011050592146248125e-20 3.285275024702974129e+06
9.377555142011001242e+19 1.010579947154685497e-20 3.302260127521185204e+06
9.424235659950913946e+19 1.010113101209930651e-20 3.319248034019707236e+06
9.470919784140185600e+19 1.009650004557152353e-20 3.336238724309245590e+06
9.517607489625979290e+19 1.009190608338114089e-20 3.353232178734345362e+06
9.564298751740728115e+19 1.008734864570671485e-20 3.370228377869568300e+06
9.610993546097606656e+19 1.008282726128836674e-20 3.387227302515743766e+06
9.657691848586105651e+19 1.007834146723391258e-20 3.404228933696301188e+06
9.704393635367673856e+19 1.007389080883029642e-20 3.421233252653670497e+06
9.751098882871472947e+19 1.006947483936016663e-20 3.438240240845771041e+06
9.797807567790194688e+19 1.006509311992342792e-20 3.455249879942558706e+06
9.844519667075981312e+19 1.006074521926359923e-20 3.472262151822652668e+06
9.891235157936409805e+19 1.005643071359885699e-20 3.489277038570026867e+06
9.937954017830561382e+19 1.005214918645756520e-20 3.506294522470767144e+06
9.984676224465171251e+19 1.004790022851821265e-20 3.523314586009901017e+06
1.003140175579085373e+20 1.004368343745356601e-20 3.540337211868281942e+06
1.007813058999838802e+20 1.003949841777894569e-20 3.557362382919541560e+06
1.012486270551510221e+20 1.003534478070447997e-20 3.574390082227102946e+06
1.017159808100129014e+20 1.003122214399120785e-20 3.591420293041246478e+06
1.021833669534673469e+20 1.002713013181094068e-20 3.608452998796246015e+06
1.026507852766727373e+20 1.002306837460973167e-20 3.625488183107546531e+06
1.031182355730143314e+20 1.001903650897488298e-20 3.642525829769007862e+06
1.035857176380714516e+20 1.001503417750533663e-20 3.659565922750202008e+06
1.040532312695848632e+20 1.001106102868540569e-20 3.676608446193750482e+06
1.045207762674252841e+20 1.000711671676169689e-20 3.693653384412730578e+06
1.049883524335620751e+20 1.000320090162313263e-20 3.710700721888120286e+06
1.054559595720327004e+20 9.999313248684032052e-21 3.727750443266293034e+06
1.059235974889127608e+20 9.995453428770095943e-21 3.744802533356564119e+06
1.063912659922864538e+20 9.991621118007241480e-21 3.761856977128781844e+06
1.068589648922177536e+20 9.987815997713206972e-21 3.778913759710963350e+06
1.073266940007220511e+20 9.984037754291848398e-21 3.795972866386976093e+06
1.077944531317381366e+20 9.980286079130004360e-21 3.813034282594261691e+06
1.082622421011010519e+20 9.976560668496938461e-21 3.830097993921604473e+06
1.087300607265151058e+20 9.972861223446205651e-21 3.847163986106939614e+06
1.091979088275275284e+20 9.969187449719913950e-21 3.864232245035201311e+06
1.096657862255026012e+20 9.965539057655312332e-21 3.881302756736212410e+06
1.101336927435962286e+20 9.961915762093614492e-21 3.898375507382613141e+06
1.106016282067309036e+20 9.958317282291032922e-21 3.915450483287825249e+06
1.110695924415713116e+20 9.954743341831919467e-21 3.932527670904057566e+06
1.115375852765000008e+20 9.951193668543995822e-21 3.949607056820338592e+06
1.120056065415939850e+20 9.947667994415570139e-21 3.966688627760600299e+06
1.124736560686012498e+20 9.944166055514727720e-21 3.983772370581777301e+06
1.129417336909181092e+20 9.940687591910414527e-21 4.000858272271958645e+06
1.134098392435665633e+20 9.937232347595363877e-21 4.017946319948558230e+06
1.138779725631723930e+20 9.933800070410827186e-21 4.035036500856527127e+06
1.143461334879434015e+20 9.930390511973050088e-21 4.052128802366590127e+06
1.148143218576481321e+20 9.927003427601453308e-21 4.069223211973520927e+06
1.152825375135949455e+20 9.923638576248459591e-21 4.086319717294442933e+06
1.157507802986114253e+20 9.920295720430933615e-21 4.103418306067160796e+06
1.162190500570241106e+20 9.916974626163195731e-21 4.120518966148519423e+06
1.166873466346387866e+20 9.913675062891546370e-21 4.137621685512796976e+06
1.171556698787206267e+20 9.910396803430286045e-21 4.154726452250117436e+06
1.176240196379753513e+20 9.907139623899176796e-21 4.171833254564901348e+06
1.180923957625299927e+20 9.903903303662304444e-21 4.188942080774330068e+06
1.185607981039145615e+20 9.900687625268319097e-21 4.206052919306847267e+06
1.190292265150436475e+20 9.897492374391998217e-21 4.223165758700683713e+06
1.194976808501985280e+20 9.894317339777114210e-21 4.240280587602397427e+06
1.199661609650094408e+20 9.891162313180571930e-21 4.257397394765456207e+06
1.204346667164382822e+20 9.888027089317763418e-21 4.274516169048830867e+06
1.209031979627614372e+20 9.884911465809138400e-21 4.291636899415609427e+06
1.213717545635530834e+20 9.881815243127927322e-21 4.308759574931652285e+06
1.218403363796684964e+20 9.878738224549015433e-21 4.325884184764246456e+06
1.223089432732279603e+20 9.875680216098931803e-21 4.343010718180802651e+06
1.227775751076006789e+20 9.872641026506896096e-21 4.360139164547561668e+06
1.232462317473889812e+20 9.869620467156947169e-21 4.377269513328323141e+06
1.237149130584130028e+20 9.866618352041081292e-21 4.394401754083205014e+06
1.241836189076952351e+20 9.863634497713398459e-21 4.411535876467405818e+06
1.246523491634457313e+20 9.860668723245219193e-21 4.428671870230007917e+06
1.251211036950471475e+20 9.857720850181176356e-21 4.445809725212780759e+06
1.255898823730404229e+20 9.854790702496193178e-21 4.462949431349018589e+06
1.260586850691103457e+20 9.851878106553409219e-21 4.480090978662390262e+06
1.265275116560715284e+20 9.848982891062966964e-21 4.497234357265800238e+06
1.269963620078545797e+20 9.846104887041663600e-21 4.514379557360285893e+06
1.274652359994924892e+20 9.843243927773440854e-21 4.531526569233919494e+06
1.279341335071070781e+20 9.840399848770705407e-21 4.548675383260721341e+06
1.284030544078960067e+20 9.837572487736436219e-21 4.565825989899612963e+06
1.288719985801196339e+20 9.834761684527072760e-21 4.582978379693364725e+06
1.293409659030882222e+20 9.831967281116182645e-21 4.600132543267571367e+06
1.298099562571493704e+20 9.829189121558845472e-21 4.617288471329634078e+06
1.302789695236755292e+20 9.826427051956788973e-21 4.634446154667775147e+06
1.307480055850519265e+20 9.823680920424202257e-21 4.651605584150051698e+06
1.312170643246643773e+20 9.820950577054278792e-21 4.668766750723388977e+06
1.316861456268875366e+20 9.818235873886398863e-21 4.685929645412637852e+06
1.321552493770731356e+20 9.815536664873993623e-21 4.703094259319631383e+06
1.326243754615385457e+20 9.812852805853032063e-21 4.720260583622267470e+06
1.330935237675554898e+20 9.810184154511171532e-21 4.737428609573604539e+06
1.335626941833387868e+20 9.807530570357470978e-21 4.754598328500963748e+06
1.340318865980354560e+20 9.804891914692752694e-21 4.771769731805055402e+06
1.345011009017138217e+20 9.802268050580516262e-21 4.788942810959101655e+06
1.349703369853528965e+20 9.799658842818437799e-21 4.806117557508001104e+06
1.354395947408319119e+20 9.797064157910433443e-21 4.823293963067472912e+06
1.359088740609198326e+20 9.794483864039246441e-21 4.840472019323236309e+06
1.363781748392653455e+20 9.791917831039595482e-21 4.857651718030197546e+06
1.368474969703866532e+20 9.789365930371819543e-21 4.874833051011640579e+06
1.373168403496615608e+20 9.786828035096053879e-21 4.892016010158437304e+06
1.377862048733179904e+20 9.784304019846881475e-21 4.909200587428279221e+06
1.382555904384239370e+20 9.781793760808488548e-21 4.926386774844891392e+06
1.387249969428783759e+20 9.779297135690287995e-21 4.943574564497291110e+06
1.391944242854017270e+20 9.776814023703007765e-21 4.960763948539034463e+06
1.396638723655266304e+20 9.774344305535230626e-21 4.977954919187485240e+06
1.401333410835890012e+20 9.771887863330389839e-21 4.995147468723090366e+06
1.406028303407189688e+20 9.769444580664184611e-21 5.012341589488663711e+06
1.410723400388321280e+20 9.767014342522428902e-21 5.029537273888692260e+06
1.415418700806208389e+20 9.764597035279312481e-21 5.046734514388631098e+06
1.420114203695455601e+20 9.762192546676072765e-21 5.063933303514226340e+06
1.424809908098266235e+20 9.759800765800053333e-21 5.081133633850848302e+06
1.429505813064356332e+20 9.757421583064170207e-21 5.098335498042815365e+06
1.434201917650874696e+20 9.755054890186727203e-21 5.115538888792751357e+06
1.438898220922320814e+20 9.752700580171645054e-21 5.132743798860933632e+06
1.443594721950465229e+20 9.750358547289014034e-21 5.149950221064662561e+06
1.448291419814271058e+20 9.748028687056027250e-21 5.167158148277631961e+06
1.452988313599816172e+20 9.745710896218253983e-21 5.184367573429311626e+06
1.457685402400216187e+20 9.743405072731257592e-21 5.201578489504339173e+06
1.462382685315550413e+20 9.741111115742538409e-21 5.218790889541922137e+06
1.467080161452784681e+20 9.738828925573818202e-21 5.236004766635235399e+06
1.471777829925700895e+20 9.736558403703624043e-21 5.253220113930851221e+06
1.476475689854823301e+20 9.734299452750204714e-21 5.270436924628158100e+06
1.481173740367346401e+20 9.732051976454743513e-21 5.287655191978788935e+06
1.485871980597064172e+20 9.729815879664868987e-21 5.304874909286059439e+06
1.490570409684303217e+20 9.727591068318465084e-21 5.322096069904430769e+06
1.495269026775850353e+20 9.725377449427765678e-21 5.339318667238942347e+06
1.499967831024888381e+20 9.723174931063727455e-21 5.356542694744697772e+06
1.504666821590927278e+20 9.720983422340684159e-21 5.373768145926318131e+06
1.509365997639738655e+20 9.718802833401268674e-21 5.390995014337423258e+06
1.514065358343289897e+20 9.716633075401595396e-21 5.408223293580116704e+06
1.518764902879682888e+20 9.714474060496710433e-21 5.425452977304480039e+06
1.523464630433087488e+20 9.712325701826279542e-21 5.442684059208068997e+06
1.528164540193681244e+20 9.710187913500546893e-21 5.459916533035415225e+06
1.532864631357586145e+20 9.708060610586518027e-21 5.477150392577539198e+06
1.537564903126809313e+20 9.705943709094380548e-21 5.494385631671471521e+06
1.542265354709180744e+20 9.703837125964182098e-21 5.511622244199770503e+06
1.546965985318298255e+20 9.701740779052706957e-21 5.528860224090064876e+06
1.551666794173463593e+20 9.699654587120591869e-21 5.546099565314574167e+06
1.556367780499628687e+20 9.697578469819670575e-21 5.563340261889661662e+06
1.561068943527337329e+20 9.695512347680506430e-21 5.580582307875386439e+06
1.565770282492668150e+20 9.693456142100165751e-21 5.597825697375045158e+06
1.570471796637182198e+20 9.691409775330182266e-21 5.615070424534751102e+06
1.575173485207863296e+20 9.689373170464720163e-21 5.632316483542982489e+06
1.579875347457067909e+20 9.687346251428949298e-21 5.649563868630166166e+06
1.584577382642470093e+20 9.685328942967605477e-21 5.666812574068248272e+06
1.589279590027009393e+20 9.683321170633749337e-21 5.684062594170283526e+06
1.593981968878838088e+20 9.681322860777693759e-21 5.701313923290017992e+06
1.598684518471270728e+20 9.679333940536149444e-21 5.718566555821487680e+06
1.603387238082731704e+20 9.677354337821507418e-21 5.735820486198611557e+06
1.608090126996707082e+20 9.675383981311339697e-21 5.753075708894799463e+06
1.612793184501694136e+20 9.673422800438036891e-21 5.770332218422560953e+06
1.617496409891152855e+20 9.671470725378644401e-21 5.787590009333119728e+06
1.622199802463457116e+20 9.669527687044847588e-21 5.804849076216029935e+06
1.626903361521847828e+20 9.667593617073122446e-21 5.822109413698802702e+06
1.631607086374384763e+20 9.665668447815057802e-21 5.839371016446528025e+06
1.636310976333900677e+20 9.663752112327814443e-21 5.856633879161517136e+06
1.641015030717956751e+20 9.661844544364758775e-21 5.873897996582940221e+06
1.645719248848794747e+20 9.659945678366236415e-21 5.891163363486452959e+06
1.650423630053294080e+20 9.658055449450490227e-21 5.908429974683865905e+06
1.655128173662926602e+20 9.656173793404745375e-21 5.925697825022776611e+06
1.659832879013713019e+20 9.654300646676398191e-21 5.942966909386232495e+06
1.664537745446180946e+20 9.652435946364391621e-21 5.960237222692395560e+06
1.669242772305320673e+20 9.650579630210689977e-21 5.977508759894196875e+06
1.673947958940543222e+20 9.648731636591910167e-21 5.994781515979006886e+06
1.678653304705640038e+20 9.646891904511076311e-21 6.012055485968314111e+06
1.683358808958740070e+20 9.645060373589508260e-21 6.029330664917388931e+06
1.688064471062271754e+20 9.643236984058835012e-21 6.046607047914978117e+06
1.692770290382919762e+20 9.641421676753131496e-21 6.063884630082977004e+06
1.697476266291586990e+20 9.639614393101186267e-21 6.081163406576119363e+06
1.702182398163355894e+20 9.637815075118882045e-21 6.098443372581675649e+06
1.706888685377448509e+20 9.636023665401693615e-21 6.115724523319138214e+06
1.711595127317189100e+20 9.634240107117312118e-21 6.133006854039925151e+06
1.716301723369965814e+20 9.632464343998371657e-21 6.150290360027085990e+06
1.721008472927194317e+20 9.630696320335294767e-21 6.167575036595001817e+06
1.725715375384279450e+20 9.628935980969244715e-21 6.184860879089097492e+06
1.730422430140578529e+20 9.627183271285187639e-21 6.202147882885551080e+06
1.735129636599368909e+20 9.625438137205061516e-21 6.219436043391020037e+06
1.739836994167807345e+20 9.623700525181050450e-21 6.236725356042348780e+06
1.744544502256897229e+20 9.621970382188949247e-21 6.254015816306294873e+06
1.749252160281455165e+20 9.620247655721651359e-21 6.271307419679262675e+06
1.753959967660072960e+20 9.618532293782710564e-21 6.288600161687023006e+06
1.758667923815087473e+20 9.616824244880018498e-21 6.305894037884454243e+06
1.763376028172544901e+20 9.615123458019567951e-21 6.323189043855271302e+06
1.768084280162167030e+20 9.613429882699310958e-21 6.340485175211764872e+06
1.772792679217319444e+20 9.611743468903111678e-21 6.357782427594549954e+06
1.777501224774979420e+20 9.610064167094786546e-21 6.375080796672302298e+06
1.782209916275703153e+20 9.608391928212233194e-21 6.392380278141513467e+06
1.786918753163594301e+20 9.606726703661649651e-21 6.409680867726235650e+06
1.791627734886271222e+20 9.605068445311831788e-21 6.426982561177837662e+06
1.796336860894838784e+20 9.603417105488571567e-21 6.444285354274761863e+06
1.801046130643854623e+20 9.601772636969113977e-21 6.461589242822282948e+06
1.805755543591301612e+20 9.600134992976711766e-21 6.478894222652269527e+06
1.810465099198555750e+20 9.598504127175258413e-21 6.496200289622948505e+06
1.815174796930357658e+20 9.596879993663996343e-21 6.513507439618675038e+06
1.819884636254782423e+20 9.595262546972301860e-21 6.530815668549693190e+06
1.824594616643211756e+20 9.593651742054548338e-21 6.548124972351923585e+06
1.829304737570305147e+20 9.592047534285037110e-21 6.565435346986728720e+06
1.834014998513969070e+20 9.590449879453017134e-21 6.582746788440685719e+06
1.838725398955333059e+20 9.588858733757757319e-21 6.600059292725380510e+06
1.843435938378718904e+20 9.587274053803704621e-21 6.617372855877179652e+06
1.848146616271613788e+20 9.585695796595702317e-21 6.634687473957016133e+06
1.852857432124645376e+20 9.584123919534280504e-21 6.652003143050184473e+06
1.857568385431551345e+20 9.582558380411021831e-21 6.669319859266120009e+06
1.862279475689155133e+20 9.580999137403969361e-21 6.686637618738195859e+06
1.866990702397339730e+20 9.579446149073130727e-21 6.703956417623520829e+06
1.871702065059021455e+20 9.577899374356019903e-21 6.721276252102731727e+06
1.876413563180123750e+20 9.576358772563281738e-21 6.738597118379792199e+06
1.881125196269552271e+20 9.574824303374361615e-21 6.755919012681792490e+06
1.885836963839169659e+20 9.573295926833247347e-21 6.773241931258757599e+06
1.890548865403771290e+20 9.571773603344263726e-21 6.790565870383452624e+06
1.895260900481059062e+20 9.570257293667934779e-21 6.807890826351180673e+06
1.899973068591618458e+20 9.568746958916895689e-21 6.825216795479601249e+06
1.904685369258895933e+20 9.567242560551860371e-21 6.842543774108546786e+06
1.909397802009170739e+20 9.565744060377655265e-21 6.859871758599820547e+06
1.914110366371535585e+20 9.564251420539296757e-21 6.877200745337026194e+06
1.918823061877871739e+20 9.562764603518131796e-21 6.894530730725378729e+06
1.923535888062825431e+20 9.561283572128023649e-21 6.911861711191526614e+06
1.928248844463786557e+20 9.559808289511594835e-21 6.929193683183372952e+06
1.932961930620864758e+20 9.558338719136527230e-21 6.946526643169900402e+06
1.937675146076867133e+20 9.556874824791895280e-21 6.963860587640988640e+06
1.942388490377277604e+20 9.555416570584571431e-21 6.981195513107256033e+06
1.947101963070233313e+20 9.553963920935660153e-21 6.998531416099875234e+06
1.951815563706503987e+20 9.552516840576999663e-21 7.015868293170409277e+06
1.956529291839470633e+20 9.551075294547693752e-21 7.033206140890645795e+06
1.961243147025103258e+20 9.549639248190699274e-21 7.050544955852429383e+06
1.965957128821940879e+20 9.548208667149463294e-21 7.067884734667495824e+06
1.970671236791071867e+20 9.546783517364590325e-21 7.085225473967317492e+06
1.975385470496110674e+20 9.545363765070578782e-21 7.102567170402931981e+06
1.980099829503179489e+20 9.543949376792573981e-21 7.119909820644792169e+06
1.984814313380887921e+20 9.542540319343185843e-21 7.137253421382604167e+06
1.989528921700311695e+20 9.541136559819335184e-21 7.154597969325173646e+06
1.994243654034976276e+20 9.539738065599152664e-21 7.171943461200254969e+06
1.998958509960833270e+20 9.538344804338909340e-21 7.189289893754389137e+06
2.003673489056243712e+20 9.536956743969995360e-21 7.206637263752768748e+06
2.008388590901958410e+20 9.535573852695930261e-21 7.223985567979070358e+06
2.013103815081098281e+20 9.534196098989425924e-21 7.241334803235320374e+06
2.017819161179138294e+20 9.532823451589470593e-21 7.258684966341749765e+06
2.022534628783884534e+20 9.531455879498470079e-21 7.276036054136635736e+06
2.027250217485459784e+20 9.530093351979408512e-21 7.293388063476171345e+06
2.031965926876283208e+20 9.528735838553060261e-21 7.310740991234318353e+06
2.036681756551053640e+20 9.527383308995222910e-21 7.328094834302672185e+06
2.041397706106730578e+20 9.526035733334013438e-21 7.345449589590312913e+06
2.046113775142518129e+20 9.524693081847162883e-21 7.362805254023680463e+06
2.050829963259846001e+20 9.523355325059372709e-21 7.380161824546427466e+06
2.055546270062353121e+20 9.522022433739699749e-21 7.397519298119289801e+06
2.060262695155869614e+20 9.520694378898969744e-21 7.414877671719953418e+06
2.064979238148402708e+20 9.519371131787222476e-21 7.432236942342925817e+06
2.069695898650116096e+20 9.518052663891200535e-21 7.449597106999395415e+06
2.074412676273314857e+20 9.516738946931860657e-21 7.466958162717107683e+06
2.079129570632430715e+20 9.515429952861919668e-21 7.484320106540238485e+06
2.083846581344002703e+20 9.514125653863429018e-21 7.501682935529267415e+06
2.088563708026665697e+20 9.512826022345388429e-21 7.519046646760853939e+06
2.093280950301128131e+20 9.511531030941379111e-21 7.536411237327700481e+06
2.097998307790161838e+20 9.510240652507234590e-21 7.553776704338449053e+06
2.102715780118583050e+20 9.508954860118734104e-21 7.571143044917539693e+06
2.107433366913238303e+20 9.507673627069338135e-21 7.588510256205106154e+06
2.112151067802989691e+20 9.506396926867929951e-21 7.605878335356849246e+06
2.116868882418697503e+20 9.505124733236609813e-21 7.623247279543910176e+06
2.121586810393207439e+20 9.503857020108502734e-21 7.640617085952773690e+06
2.126304851361334886e+20 9.502593761625594805e-21 7.657987751785132103e+06
2.131023004959848858e+20 9.501334932136596625e-21 7.675359274257778190e+06
2.135741270827460526e+20 9.500080506194841327e-21 7.692731650602498092e+06
2.140459648604804874e+20 9.498830458556199156e-21 7.710104878065943718e+06
2.145178137934430208e+20 9.497584764177011608e-21 7.727478953909536824e+06
2.149896738460780790e+20 9.496343398212078231e-21 7.744853875409347005e+06
2.154615449830183731e+20 9.495106336012637412e-21 7.762229639855982736e+06
2.159334271690837852e+20 9.493873553124384770e-21 7.779606244554498233e+06
2.164053203692794675e+20 9.492645025285521649e-21 7.796983686824262142e+06
2.168772245487949251e+20 9.491420728424818659e-21 7.814361963998869993e+06
2.173491396730023772e+20 9.490200638659709301e-21 7.831741073426026851e+06
2.178210657074556109e+20 9.488984732294394135e-21 7.849121012467455119e+06
2.182930026178885714e+20 9.487772985817987068e-21 7.866501778498778120e+06
2.187649503702140518e+20 9.486565375902669171e-21 7.883883368909428827e+06
2.192369089305223496e+20 9.485361879401874094e-21 7.901265781102539971e+06
2.197088782650800538e+20 9.484162473348485512e-21 7.918649012494848110e+06
2.201808583403286364e+20 9.482967134953066177e-21 7.936033060516592115e+06
2.206528491228834693e+20 9.481775841602098998e-21 7.953417922611420043e+06
2.211248505795321856e+20 9.480588570856264238e-21 7.970803596236280166e+06
2.215968626772337295e+20 9.479405300448716711e-21 7.988190078861336224e+06
2.220688853831169475e+20 9.478226008283396077e-21 8.005577367969862185e+06
2.225409186644794737e+20 9.477050672433365729e-21 8.022965461058155634e+06
2.230129624887865508e+20 9.475879271139142650e-21 8.040354355635436252e+06
2.234850168236696863e+20 9.474711782807084446e-21 8.057744049223757349e+06
2.239570816369255711e+20 9.473548186007762841e-21 8.075134539357913658e+06
2.244291568965148672e+20 9.472388459474376285e-21 8.092525823585344478e+06
2.249012425705610936e+20 9.471232582101176112e-21 8.109917899466048926e+06
2.253733386273493811e+20 9.470080532941904727e-21 8.127310764572491869e+06
2.258454450353254236e+20 9.468932291208260886e-21 8.144704416489523835e+06
2.263175617630942659e+20 9.467787836268384526e-21 8.162098852814274840e+06
2.267896887794192220e+20 9.466647147645341603e-21 8.179494071156087331e+06
2.272618260532207616e+20 9.465510205015655569e-21 8.196890069136416540e+06
2.277339735535753626e+20 9.464376988207822297e-21 8.214286844388750382e+06
2.282061312497145283e+20 9.463247477200876172e-21 8.231684394558520988e+06
2.286782991110235095e+20 9.462121652122947143e-21 8.249082717303022742e+06
2.291504771070404854e+20 9.460999493249844865e-21 8.266481810291329399e+06
2.296226652074551542e+20 9.459880981003659393e-21 8.283881671204203740e+06
2.300948633821081436e+20 9.458766095951373905e-21 8.301282297734036110e+06
2.305670716009895363e+20 9.457654818803504520e-21 8.318683687584736384e+06
2.310392898342380175e+20 9.456547130412735593e-21 8.336085838471666910e+06
2.315115180521398927e+20 9.455443011772591123e-21 8.353488748121571727e+06
2.319837562251279401e+20 9.454342444016106167e-21 8.370892414272474125e+06
2.324560043237805261e+20 9.453245408414526831e-21 8.388296834673625417e+06
2.329282623188205240e+20 9.452151886376013282e-21 8.405702007085403427e+06
2.334005301811143639e+20 9.451061859444362313e-21 8.423107929279251024e+06
2.338728078816710164e+20 9.449975309297744952e-21 8.440514599037593231e+06
2.343450953916410102e+20 9.448892217747463645e-21 8.457922014153761789e+06
2.348173926823155794e+20 9.447812566736703399e-21 8.475330172431923449e+06
2.352896997251255501e+20 9.446736338339331095e-21 8.492739071687005460e+06
2.357620164916405207e+20 9.445663514758666196e-21 8.510148709744615480e+06
2.362343429535677809e+20 9.444594078326307139e-21 8.527559084440976381e+06
2.367066790827514266e+20 9.443528011500938157e-21 8.544970193622844294e+06
2.371790248511717048e+20 9.442465296867169209e-21 8.562382035147456452e+06
2.376513802309436703e+20 9.441405917134377412e-21 8.579794606882434338e+06
2.381237451943164314e+20 9.440349855135572549e-21 8.597207906705731526e+06
2.385961197136724296e+20 9.439297093826262576e-21 8.614621932505557314e+06
2.390685037615262597e+20 9.438247616283340191e-21 8.632036682180304080e+06
2.395408973105241129e+20 9.437201405703975427e-21 8.649452153638493270e+06
2.400133003334425641e+20 9.436158445404536832e-21 8.666868344798687845e+06
2.404857128031879168e+20 9.435118718819497595e-21 8.684285253589436412e+06
2.409581346927952527e+20 9.434082209500374785e-21 8.701702877949202433e+06
2.414305659754276454e+20 9.433048901114673098e-21 8.719121215826302767e+06
2.419030066243752100e+20 9.432018777444843650e-21 8.736540265178831294e+06
2.423754566130543821e+20 9.430991822387245780e-21 8.753960023974610493e+06
2.428479159150070006e+20 9.429968019951129919e-21 8.771380490191109478e+06
2.433203845038995210e+20 9.428947354257623469e-21 8.788801661815393716e+06
2.437928623535220982e+20 9.427929809538737742e-21 8.806223536844046786e+06
2.442653494377879962e+20 9.426915370136374906e-21 8.823646113283121958e+06
2.447378457307325399e+20 9.425904020501346963e-21 8.841069389148075134e+06
2.452103512065124598e+20 9.424895745192420303e-21 8.858493362463701516e+06
2.456828658394049741e+20 9.423890528875345226e-21 8.875918031264062971e+06
2.461553896038072648e+20 9.422888356321917039e-21 8.893343393592458218e+06
2.466279224742353633e+20 9.421889212409041689e-21 8.910769447501322255e+06
2.471004644253236265e+20 9.420893082117804390e-21 8.928196191052200273e+06
2.475730154318238188e+20 9.419899950532554806e-21 8.945623622315671295e+06
2.480455754686044242e+20 9.418909802840005781e-21 8.963051739371290430e+06
2.485181445106499256e+20 9.417922624328326039e-21 8.980480540307534859e+06
2.489907225330599854e+20 9.416938400386264491e-21 8.997910023221742362e+06
2.494633095110486917e+20 9.415957116502259494e-21 9.015340186220062897e+06
2.499359054199440015e+20 9.414978758263590235e-21 9.032771027417382225e+06
2.504085102351866921e+20 9.414003311355493512e-21 9.050202544937284663e+06
2.508811239323299348e+20 9.413030761560330170e-21 9.067634736911991611e+06
2.513537464870384763e+20 9.412061094756737989e-21 9.085067601482298225e+06
2.518263778750879498e+20 9.411094296918801131e-21 9.102501136797534302e+06
2.522990180723639255e+20 9.410130354115224092e-21 9.119935341015489772e+06
2.527716670548616479e+20 9.409169252508519205e-21 9.137370212302371860e+06
2.532443247986850202e+20 9.408210978354195638e-21 9.154805748832756653e+06
2.537169912800460472e+20 9.407255517999970971e-21 9.172241948789523914e+06
2.541896664752640819e+20 9.406302857884969223e-21 9.189678810363814235e+06
2.546623503607652352e+20 9.405352984538948980e-21 9.207116331754963845e+06
2.551350429130815898e+20 9.404405884581523989e-21 9.224554511170469224e+06
2.556077441088505774e+20 9.403461544721401819e-21 9.241993346825923771e+06
2.560804539248145203e+20 9.402519951755625523e-21 9.259432836944971234e+06
2.565531723378195825e+20 9.401581092568819821e-21 9.276872979759249836e+06
2.570258993248154092e+20 9.400644954132458337e-21 9.294313773508349434e+06
2.574986348628544389e+20 9.399711523504115804e-21 9.311755216439757496e+06
2.579713789290911171e+20 9.398780787826759377e-21 9.329197306808808818e+06
2.584441315007815680e+20 9.397852734328008355e-21 9.346640042878642678e+06
2.589168925552825467e+20 9.396927350319443555e-21 9.364083422920137644e+06
2.593896620700512420e+20 9.396004623195883585e-21 9.381527445211889222e+06
2.598624400226442936e+20 9.395084540434701736e-21 9.398972108040137216e+06
2.603352263907173663e+20 9.394167089595129343e-21 9.416417409698730335e+06
2.608080211520246252e+20 9.393252258317571174e-21 9.433863348489081487e+06
2.612808242844178842e+20 9.392340034322934361e-21 9.451309922720110044e+06
2.617536357658461798e+20 9.391430405411954332e-21 9.468757130708210170e+06
2.622264555743551160e+20 9.390523359464531260e-21 9.486204970777185634e+06
2.626992836880863396e+20 9.389618884439078562e-21 9.503653441258223727e+06
2.631721200852768850e+20 9.388716968371874402e-21 9.521102540489839390e+06
2.636449647442585846e+20 9.387817599376408676e-21 9.538552266817826778e+06
2.641178176434575114e+20 9.386920765642757090e-21 9.556002618595229462e+06
2.645906787613934879e+20 9.386026455436950718e-21 9.573453594182277098e+06
2.650635480766792991e+20 9.385134657100339538e-21 9.590905191946355626e+06
2.655364255680204964e+20 9.384245359048995099e-21 9.608357410261958838e+06
2.660093112142143816e+20 9.383358549773081580e-21 9.625810247510641813e+06
2.664822049941498429e+20 9.382474217836256947e-21 9.643263702080991119e+06
2.669551068868065690e+20 9.381592351875078624e-21 9.660717772368559614e+06
2.674280168712546222e+20 9.380712940598400137e-21 9.678172456775845960e+06
2.679009349266538168e+20 9.379835972786791825e-21 9.695627753712240607e+06
2.683738610322532925e+20 9.378961437291955543e-21 9.713083661593992263e+06
2.688467951673908265e+20 9.378089323036151396e-21 9.730540178844152018e+06
2.693197373114923745e+20 9.377219619011618453e-21 9.747997303892550990e+06
2.697926874440716124e+20 9.376352314280028565e-21 9.765455035175750032e+06
2.702656455447293788e+20 9.375487397971904079e-21 9.782913371136996895e+06
2.707386115931530527e+20 9.374624859286082178e-21 9.800372310226192698e+06
2.712115855691161600e+20 9.373764687489159682e-21 9.817831850899847224e+06
2.716845674524778496e+20 9.372906871914949866e-21 9.835291991621043533e+06
2.721575572231823032e+20 9.372051401963942305e-21 9.852752730859393254e+06
2.726305548612583752e+20 9.371198267102780763e-21 9.870214067091004923e+06
2.731035603468189368e+20 9.370347456863724531e-21 9.887675998798441142e+06
2.735765736600605164e+20 9.369498960844132345e-21 9.905138524470683187e+06
2.740495947812627087e+20 9.368652768705941778e-21 9.922601642603086308e+06
2.745226236907876844e+20 9.367808870175160675e-21 9.940065351697348058e+06
2.749956603690798940e+20 9.366967255041358590e-21 9.957529650261474773e+06
2.754687047966653153e+20 9.366127913157165738e-21 9.974994536809735000e+06
2.759417569541511578e+20 9.365290834437774966e-21 9.992460009862627834e+06
2.764148168222253384e+20 9.364456008860440708e-21 1.000992606794684567e+07
2.768878843816558920e+20 9.363623426464008038e-21 1.002739270959523506e+07
2.773609596132909056e+20 9.362793077348417642e-21 1.004485993334677070e+07
2.778340424980575027e+20 9.361964951674227346e-21 1.006232773774651252e+07
2.783071330169617777e+20 9.361139039662142670e-21 1.007979612134556472e+07
2.787802311510882058e+20 9.360315331592542874e-21 1.009726508270104602e+07
2.792533368815991521e+20 9.359493817805020530e-21 1.011473462037605979e+07
2.797264501897346417e+20 9.358674488697916601e-21 1.013220473293965682e+07
2.801995710568115732e+20 9.357857334727864531e-21 1.014967541896679252e+07
2.806726994642234900e+20 9.357042346409340362e-21 1.016714667703830265e+07
2.811458353934401536e+20 9.356229514314212848e-21 1.018461850574086607e+07
2.816189788260070195e+20 9.355418829071302597e-21 1.020209090366696939e+07
2.820921297435448771e+20 9.354610281365941217e-21 1.021956386941487901e+07
2.825652881277493576e+20 9.353803861939533463e-21 1.023703740158859640e+07
2.830384539603905741e+20 9.352999561589128421e-21 1.025451149879784696e+07
2.835116272233125970e+20 9.352197371166995198e-21 1.027198615965801477e+07
2.839848078984331264e+20 9.351397281580192599e-21 1.028946138279014267e+07
2.844579959677431316e+20 9.350599283790155353e-21 1.030693716682088934e+07
2.849311914133062287e+20 9.349803368812278835e-21 1.032441351038247906e+07
2.854043942172584509e+20 9.349009527715505289e-21 1.034189041211269796e+07
2.858776043618078228e+20 9.348217751621916076e-21 1.035936787065484561e+07
2.863508218292337705e+20 9.347428031706331439e-21 1.037684588465770893e+07
2.868240466018870886e+20 9.346640359195902749e-21 1.039432445277552493e+07
2.872972786621891871e+20 9.345854725369725816e-21 1.041180357366796955e+07
2.877705179926318285e+20 9.345071121558439147e-21 1.042928324600009993e+07
2.882437645757767025e+20 9.344289539143841775e-21 1.044676346844233386e+07
2.887170183942550979e+20 9.343509969558500546e-21 1.046424423967043683e+07
2.891902794307676078e+20 9.342732404285376971e-21 1.048172555836546980e+07
2.896635476680834089e+20 9.341956834857440537e-21 1.049920742321376875e+07
2.901368230890402284e+20 9.341183252857297061e-21 1.051668983290691301e+07
2.906101056765437870e+20 9.340411649916817044e-21 1.053417278614170477e+07
2.910833954135674061e+20 9.339642017716767042e-21 1.055165628162011690e+07
2.915566922831517778e+20 9.338874347986442528e-21 1.056914031804929301e+07
2.920299962684045394e+20 9.338108632503311301e-21 1.058662489414150827e+07
2.925033073524996833e+20 9.337344863092649359e-21 1.060411000861412287e+07
2.929766255186775900e+20 9.336583031627188818e-21 1.062159566018958576e+07
2.934499507502443069e+20 9.335823130026765829e-21 1.063908184759537689e+07
2.939232830305713521e+20 9.335065150257971499e-21 1.065656856956399977e+07
2.943966223430954189e+20 9.334309084333805832e-21 1.067405582483294606e+07
2.948699686713178849e+20 9.333554924313337675e-21 1.069154361214466766e+07
2.953433219988044513e+20 9.332802662301360160e-21 1.070903193024654500e+07
2.958166823091849134e+20 9.332052290448056679e-21 1.072652077789087594e+07
2.962900495861528658e+20 9.331303800948671361e-21 1.074401015383483283e+07
2.967634238134649487e+20 9.330557186043173550e-21 1.076150005684044026e+07
2.972368049749410447e+20 9.329812438015932794e-21 1.077899048567455076e+07
2.977101930544636887e+20 9.329069549195392346e-21 1.079648143910882063e+07
2.981835880359774126e+20 9.328328511953750179e-21 1.081397291591967084e+07
2.986569899034892698e+20 9.327589318706636996e-21 1.083146491488828510e+07
2.991303986410673275e+20 9.326851961912806276e-21 1.084895743480055593e+07
2.996038142328414536e+20 9.326116434073809270e-21 1.086645047444708273e+07
3.000772366630023332e+20 9.325382727733700099e-21 1.088394403262313455e+07
3.005506659158012723e+20 9.324650835478713755e-21 1.090143810812862590e+07
3.010241019755499356e+20 9.323920749936972705e-21 1.091893269976809062e+07
3.014975448266198876e+20 9.323192463778173923e-21 1.093642780635066144e+07
3.019709944534425928e+20 9.322465969713298497e-21 1.095392342669004574e+07
3.024444508405087601e+20 9.321741260494310701e-21 1.097141955960449204e+07
3.029179139723680154e+20 9.321018328913860080e-21 1.098891620391677506e+07
3.033913838336290324e+20 9.320297167804997075e-21 1.100641335845417716e+07
3.038648604089585500e+20 9.319577770040876606e-21 1.102391102204843424e+07
3.043383436830816993e+20 9.318860128534478216e-21 1.104140919353575259e+07
3.048118336407814144e+20 9.318144236238314167e-21 1.105890787175675854e+07
3.052853302668977766e+20 9.317430086144151087e-21 1.107640705555648170e+07
3.057588335463286047e+20 9.316717671282736124e-21 1.109390674378433451e+07
3.062323434640280781e+20 9.316006984723509563e-21 1.111140693529408239e+07
3.067058600050073928e+20 9.315298019574335495e-21 1.112890762894382887e+07
3.071793831543337779e+20 9.314590768981235500e-21 1.114640882359598577e+07
3.076529128971306271e+20 9.313885226128104267e-21 1.116391051811725460e+07
3.081264492185769083e+20 9.313181384236456820e-21 1.118141271137860417e+07
3.085999921039070986e+20 9.312479236565157681e-21 1.119891540225524269e+07
3.090735415384107909e+20 9.311778776410153048e-21 1.121641858962660283e+07
3.095470975074324316e+20 9.311079997104216509e-21 1.123392227237631753e+07
3.100206599963708621e+20 9.310382892016687239e-21 1.125142644939218834e+07
3.104942289906794496e+20 9.309687454553218724e-21 1.126893111956618167e+07
3.109678044758654321e+20 9.308993678155515451e-21 1.128643628179439157e+07
3.114413864374895903e+20 9.308301556301093673e-21 1.130394193497702293e+07
3.119149748611665756e+20 9.307611082503013580e-21 1.132144807801838405e+07
3.123885697325636649e+20 9.306922250309655115e-21 1.133895470982683077e+07
3.128621710374014157e+20 9.306235053304450144e-21 1.135646182931478508e+07
3.133357787614527488e+20 9.305549485105652250e-21 1.137396943539868295e+07
3.138093928905430139e+20 9.304865539366091475e-21 1.139147752699897625e+07
3.142830134105497928e+20 9.304183209772932080e-21 1.140898610304010287e+07
3.147566403074020475e+20 9.303502490047446843e-21 1.142649516245045327e+07
3.152302735670807757e+20 9.302823373944761275e-21 1.144400470416237973e+07
3.157039131756178309e+20 9.302145855253639964e-21 1.146151472711214237e+07
3.161775591190963159e+20 9.301469927796244325e-21 1.147902523023991287e+07
3.166512113836500582e+20 9.300795585427905402e-21 1.149653621248975210e+07
3.171248699554632827e+20 9.300122822036898175e-21 1.151404767280957475e+07
3.175985348207704801e+20 9.299451631544214358e-21 1.153155961015114747e+07
3.180722059658561454e+20 9.298782007903335201e-21 1.154907202347005717e+07
3.185458833770544497e+20 9.298113945100017831e-21 1.156658491172569804e+07
3.190195670407492403e+20 9.297447437152066549e-21 1.158409827388125099e+07
3.194932569433731891e+20 9.296782478109119170e-21 1.160161210890366137e+07
3.199669530714083820e+20 9.296119062052431864e-21 1.161912641576362401e+07
3.204406554113852703e+20 9.295457183094660981e-21 1.163664119343555719e+07
3.209143639498829332e+20 9.294796835379646385e-21 1.165415644089759327e+07
3.213880786735288812e+20 9.294138013082215853e-21 1.167167215713156015e+07
3.218617995689982689e+20 9.293480710407954864e-21 1.168918834112295136e+07
3.223355266230142239e+20 9.292824921593014007e-21 1.170670499186090939e+07
3.228092598223473213e+20 9.292170640903898334e-21 1.172422210833822377e+07
3.232829991538153226e+20 9.291517862637261222e-21 1.174173968955128640e+07
3.237567446042833715e+20 9.290866581119702755e-21 1.175925773450010829e+07
3.242304961606629458e+20 9.290216790707574120e-21 1.177677624218826182e+07
3.247042538099125780e+20 9.289568485786768464e-21 1.179429521162289567e+07
3.251780175390366106e+20 9.288921660772529807e-21 1.181181464181469195e+07
3.256517873350859162e+20 9.288276310109255931e-21 1.182933453177786618e+07
3.261255631851571773e+20 9.287632428270301278e-21 1.184685488053014874e+07
3.265993450763926241e+20 9.286990009757790371e-21 1.186437568709275499e+07
3.270731329959799685e+20 9.286349049102417701e-21 1.188189695049037598e+07
3.275469269311521423e+20 9.285709540863267171e-21 1.189941866975116730e+07
3.280207268691869041e+20 9.285071479627611977e-21 1.191694084390670620e+07
3.284945327974072320e+20 9.284434860010743084e-21 1.193446347199202515e+07
3.289683447031799480e+20 9.283799676655769105e-21 1.195198655304553173e+07
3.294421625739168973e+20 9.283165924233441770e-21 1.196951008610904403e+07
3.299159863970735063e+20 9.282533597441975361e-21 1.198703407022774220e+07
3.303898161601493729e+20 9.281902691006852626e-21 1.200455850445016660e+07
3.308636518506877420e+20 9.281273199680665276e-21 1.202208338782820106e+07
3.313374934562751775e+20 9.280645118242912373e-21 1.203960871941704676e+07
3.318113409645416284e+20 9.280018441499849862e-21 1.205713449827521853e+07
3.322851943631599698e+20 9.279393164284291962e-21 1.207466072346451133e+07
3.327590536398460682e+20 9.278769281455453178e-21 1.209218739405000955e+07
3.332329187823583887e+20 9.278146787898769251e-21 1.210971450910005160e+07
3.337067897784975360e+20 9.277525678525727134e-21 1.212724206768620946e+07
3.341806666161067131e+20 9.276905948273694965e-21 1.214477006888329983e+07
3.346545492830708695e+20 9.276287592105755061e-21 1.216229851176933758e+07
3.351284377673168323e+20 9.275670605010539904e-21 1.217982739542553574e+07
3.356023320568130437e+20 9.275054982002056105e-21 1.219735671893629059e+07
3.360762321395693650e+20 9.274440718119533939e-21 1.221488648138916679e+07
3.365501380036368138e+20 9.273827808427251301e-21 1.223241668187487684e+07
3.370240496371074335e+20 9.273216248014384751e-21 1.224994731948726252e+07
3.374979670281140306e+20 9.272606031994834974e-21 1.226747839332328923e+07
3.379718901648301752e+20 9.271997155507080829e-21 1.228500990248303302e+07
3.384458190354695455e+20 9.271389613714015351e-21 1.230254184606964514e+07
3.389197536282865172e+20 9.270783401802783242e-21 1.232007422318937257e+07
3.393936939315749192e+20 9.270178514984639440e-21 1.233760703295149654e+07
3.398676399336688845e+20 9.269574948494782107e-21 1.235514027446836792e+07
3.403415916229421302e+20 9.268972697592205169e-21 1.237267394685535692e+07
3.408155489878075638e+20 9.268371757559544848e-21 1.239020804923084565e+07
3.412895120167177421e+20 9.267772123702929198e-21 1.240774258071623556e+07
3.417634806981639537e+20 9.267173791351833659e-21 1.242527754043589346e+07
3.422374550206766121e+20 9.266576755858920062e-21 1.244281292751717567e+07
3.427114349728249283e+20 9.265981012599901212e-21 1.246034874109039456e+07
3.431854205432163205e+20 9.265386556973394939e-21 1.247788498028880358e+07
3.436594117204970045e+20 9.264793384400767615e-21 1.249542164424859546e+07
3.441334084933509448e+20 9.264201490326003253e-21 1.251295873210887238e+07
3.446074108505003786e+20 9.263610870215551537e-21 1.253049624301164411e+07
3.450814187807053578e+20 9.263021519558190902e-21 1.254803417610181496e+07
3.455554322727632896e+20 9.262433433864890106e-21 1.256557253052715398e+07
3.460294513155095265e+20 9.261846608668659273e-21 1.258311130543830805e+07
3.465034758978163180e+20 9.261261039524423503e-21 1.260065049998876080e+07
3.469775060085930721e+20 9.260676722008876925e-21 1.261819011333484203e+07
3.474515416367864873e+20 9.260093651720350284e-21 1.263573014463569969e+07
3.479255827713794376e+20 9.259511824278672519e-21 1.265327059305328503e+07
3.483996294013920870e+20 9.258931235325039861e-21 1.267081145775236562e+07
3.488736815158803169e+20 9.258351880521881915e-21 1.268835273790046573e+07
3.493477391039369708e+20 9.257773755552729260e-21 1.270589443266790733e+07
3.498218021546904125e+20 9.257196856122081035e-21 1.272343654122774489e+07
3.502958706573052477e+20 9.256621177955271028e-21 1.274097906275579892e+07
3.507699446009818644e+20 9.256046716798351822e-21 1.275852199643061124e+07
3.512440239749559747e+20 9.255473468417948844e-21 1.277606534143343940e+07
3.517181087684989420e+20 9.254901428601147515e-21 1.279360909694826044e+07
3.521921989709174538e+20 9.254330593155359344e-21 1.281115326216173917e+07
3.526662945715530629e+20 9.253760957908197036e-21 1.282869783626321703e+07
3.531403955597825147e+20 9.253192518707352622e-21 1.284624281844471395e+07
3.536145019250171576e+20 9.252625271420474076e-21 1.286378820790089853e+07
3.540886136567030743e+20 9.252059211935040435e-21 1.288133400382909365e+07
3.545627307443207537e+20 9.251494336158235403e-21 1.289888020542924851e+07
3.550368531773850911e+20 9.250930640016842033e-21 1.291642681190394051e+07
3.555109809454451261e+20 9.250368119457105801e-21 1.293397382245834731e+07
3.559851140380835840e+20 9.249806770444626277e-21 1.295152123630024306e+07
3.564592524449175306e+20 9.249246588964233739e-21 1.296906905263999477e+07
3.569333961555974554e+20 9.248687571019873323e-21 1.298661727069054171e+07
3.574075451598072709e+20 9.248129712634493674e-21 1.300416588966737688e+07
3.578816994472646410e+20 9.247573009849919057e-21 1.302171490878855251e+07
3.583558590077199974e+20 9.247017458726750048e-21 1.303926432727464847e+07
3.588300238309572608e+20 9.246463055344238653e-21 1.305681414434878342e+07
3.593041939067932508e+20 9.245909795800179970e-21 1.307436435923659056e+07
3.597783692250771620e+20 9.245357676210796335e-21 1.309191497116618790e+07
3.602525497756912845e+20 9.244806692710635007e-21 1.310946597936821356e+07
3.607267355485502177e+20 9.244256841452446292e-21 1.312701738307576627e+07
3.612009265336008704e+20 9.243708118607081228e-21 1.314456918152442388e+07
3.616751227208225915e+20 9.243160520363377234e-21 1.316212137395222858e+07
3.621493241002263839e+20 9.242614042928061811e-21 1.317967395959965512e+07
3.626235306618555597e+20 9.242068682525624652e-21 1.319722693770962954e+07
3.630977423957848228e+20 9.241524435398233379e-21 1.321478030752749369e+07
3.635719592921209242e+20 9.240981297805616183e-21 1.323233406830101646e+07
3.640461813410018099e+20 9.240439266024951985e-21 1.324988821928035654e+07
3.645204085325968835e+20 9.239898336350783172e-21 1.326744275971807912e+07
3.649946408571067433e+20 9.239358505094892208e-21 1.328499768886912614e+07
3.654688783047629865e+20 9.238819768586214374e-21 1.330255300599081255e+07
3.659431208658282742e+20 9.238282123170726421e-21 1.332010871034281701e+07
3.664173685305960038e+20 9.237745565211354788e-21 1.333766480118716508e+07
3.668916212893901128e+20 9.237210091087861250e-21 1.335522127778822556e+07
3.673658791325654057e+20 9.236675697196758659e-21 1.337277813941270113e+07
3.678401420505066373e+20 9.236142379951198095e-21 1.339033538532960974e+07
3.683144100336291021e+20 9.235610135780883105e-21 1.340789301481028274e+07
3.687886830723782410e+20 9.235078961131961365e-21 1.342545102712834999e+07
3.692629611572293140e+20 9.234548852466937417e-21 1.344300942155972682e+07
3.697372442786875310e+20 9.234019806264564330e-21 1.346056819738261588e+07
3.702115324272877896e+20 9.233491819019760947e-21 1.347812735387748107e+07
3.706858255935946752e+20 9.232964887243512582e-21 1.349568689032705314e+07
3.711601237682021990e+20 9.232439007462768701e-21 1.351324680601630546e+07
3.716344269417336668e+20 9.231914176220363178e-21 1.353080710023245774e+07
3.721087351048416788e+20 9.231390390074910478e-21 1.354836777226495557e+07
3.725830482482077368e+20 9.230867645600722895e-21 1.356592882140546106e+07
3.730573663625426371e+20 9.230345939387709751e-21 1.358349024694785848e+07
3.735316894385856840e+20 9.229825268041290120e-21 1.360105204818821885e+07
3.740060174671050179e+20 9.229305628182308571e-21 1.361861422442481294e+07
3.744803504388974838e+20 9.228787016446932855e-21 1.363617677495809458e+07
3.749546883447881073e+20 9.228269429486577166e-21 1.365373969909068011e+07
3.754290311756304876e+20 9.227752863967808853e-21 1.367130299612735771e+07
3.759033789223064044e+20 9.227237316572261155e-21 1.368886666537506506e+07
3.763777315757255557e+20 9.226722783996544424e-21 1.370643070614288189e+07
3.768520891268258857e+20 9.226209262952158860e-21 1.372399511774203181e+07
3.773264515665729946e+20 9.225696750165419276e-21 1.374155989948585257e+07
3.778008188859602698e+20 9.225185242377352783e-21 1.375912505068980716e+07
3.782751910760086897e+20 9.224674736343626570e-21 1.377669057067145780e+07
3.787495681277667574e+20 9.224165228834459131e-21 1.379425645875046961e+07
3.792239500323103703e+20 9.223656716634542020e-21 1.381182271424859762e+07
3.796983367807426232e+20 9.223149196542946568e-21 1.382938933648967370e+07
3.801727283641937428e+20 9.222642665373051658e-21 1.384695632479960285e+07
3.806471247738212188e+20 9.222137119952456458e-21 1.386452367850635387e+07
3.811215260008090829e+20 9.221632557122902179e-21 1.388209139693994634e+07
3.815959320363683676e+20 9.221128973740187817e-21 1.389965947943244502e+07
3.820703428717369098e+20 9.220626366674097928e-21 1.391722792531795613e+07
3.825447584981788262e+20 9.220124732808312352e-21 1.393479673393260129e+07
3.830191789069849068e+20 9.219624069040333992e-21 1.395236590461453050e+07
3.834936040894722212e+20 9.219124372281412073e-21 1.396993543670390733e+07
3.839680340369841848e+20 9.218625639456454879e-21 1.398750532954288833e+07
3.844424687408899686e+20 9.218127867503965050e-21 1.400507558247562125e+07
3.849169081925852856e+20 9.217631053375955323e-21 1.402264619484824874e+07
3.853913523834913423e+20 9.217135194037868788e-21 1.404021716600888222e+07
3.858658013050552975e+20 9.216640286468517197e-21 1.405778849530760199e+07
3.863402549487501312e+20 9.216146327659986171e-21 1.407536018209645525e+07
3.868147133060740547e+20 9.215653314617578028e-21 1.409293222572942823e+07
3.872891763685510349e+20 9.215161244359729023e-21 1.411050462556245551e+07
3.877636441277304013e+20 9.214670113917932615e-21 1.412807738095341250e+07
3.882381165751865180e+20 9.214179920336677776e-21 1.414565049126209505e+07
3.887125937025192428e+20 9.213690660673363227e-21 1.416322395585022308e+07
3.891870755013530092e+20 9.213202331998232741e-21 1.418079777408141457e+07
3.896615619633377444e+20 9.212714931394307429e-21 1.419837194532120228e+07
3.901360530801478861e+20 9.212228455957299982e-21 1.421594646893702075e+07
3.906105488434824479e+20 9.211742902795558995e-21 1.423352134429816715e+07
3.910850492450656092e+20 9.211258269029992236e-21 1.425109657077584043e+07
3.915595542766456013e+20 9.210774551793997427e-21 1.426867214774309844e+07
3.920340639299952312e+20 9.210291748233388519e-21 1.428624807457486540e+07
3.925085781969118167e+20 9.209809855506338518e-21 1.430382435064792819e+07
3.929830970692165304e+20 9.209328870783298234e-21 1.432140097534090653e+07
3.934576205387551212e+20 9.208848791246937597e-21 1.433897794803427719e+07
3.939321485973969306e+20 9.208369614092071937e-21 1.435655526811033487e+07
3.944066812370355487e+20 9.207891336525601790e-21 1.437413293495321088e+07
3.948812184495882240e+20 9.207413955766436169e-21 1.439171094794884324e+07
3.953557602269960602e+20 9.206937469045436889e-21 1.440928930648498982e+07
3.958303065612237537e+20 9.206461873605349353e-21 1.442686800995121151e+07
3.963048574442593976e+20 9.205987166700733343e-21 1.444444705773884803e+07
3.967794128681147433e+20 9.205513345597902831e-21 1.446202644924105331e+07
3.972539728248248730e+20 9.205040407574864291e-21 1.447960618385273777e+07
3.977285373064478720e+20 9.204568349921239959e-21 1.449718626097059622e+07
3.982031063050652877e+20 9.204097169938219692e-21 1.451476667999308929e+07
3.986776798127815393e+20 9.203626864938493253e-21 1.453234744032043219e+07
3.991522578217240494e+20 9.203157432246178091e-21 1.454992854135459289e+07
3.996268403240432435e+20 9.202688869196772698e-21 1.456750998249928840e+07
4.001014273119121572e+20 9.202221173137082879e-21 1.458509176315996796e+07
4.005760187775266980e+20 9.201754341425163077e-21 1.460267388274381496e+07
4.010506147131049902e+20 9.201288371430260695e-21 1.462025634065972082e+07
4.015252151108880957e+20 9.200823260532748394e-21 1.463783913631831482e+07
4.019998199631394898e+20 9.200359006124066910e-21 1.465542226913193054e+07
4.024744292621445366e+20 9.199895605606666379e-21 1.467300573851458915e+07
4.029490430002112758e+20 9.199433056393947656e-21 1.469058954388201982e+07
4.034236611696696361e+20 9.198971355910197609e-21 1.470817368465163931e+07
4.038982837628716974e+20 9.198510501590534963e-21 1.472575816024253704e+07
4.043729107721916252e+20 9.198050490880854620e-21 1.474334297007549182e+07
4.048475421900252119e+20 9.197591321237762961e-21 1.476092811357294023e+07
4.053221780087902700e+20 9.197132990128526695e-21 1.477851359015898220e+07
4.057968182209260421e+20 9.196675495031009655e-21 1.479609939925936796e+07
4.062714628188937257e+20 9.196218833433624656e-21 1.481368554030150548e+07
4.067461117951758828e+20 9.195763002835264281e-21 1.483127201271444187e+07
4.072207651422764401e+20 9.195308000745261759e-21 1.484885881592884660e+07
4.076954228527208202e+20 9.194853824683315735e-21 1.486644594937703945e+07
4.081700849190556140e+20 9.194400472179455660e-21 1.488403341249293648e+07
4.086447513338486456e+20 9.193947940773968071e-21 1.490162120471208915e+07
4.091194220896889733e+20 9.193496228017352947e-21 1.491920932547165081e+07
4.095940971791864955e+20 9.193045331470272561e-21 1.493679777421037666e+07
4.100687765949720822e+20 9.192595248703482262e-21 1.495438655036861822e+07
4.105434603296974438e+20 9.192145977297792856e-21 1.497197565338831395e+07
4.110181483760351969e+20 9.191697514844010430e-21 1.498956508271299116e+07
4.114928407266786017e+20 9.191249858942883680e-21 1.500715483778775297e+07
4.119675373743412347e+20 9.190803007205052761e-21 1.502474491805926710e+07
4.124422383117577748e+20 9.190356957250996618e-21 1.504233532297577709e+07
4.129169435316827587e+20 9.189911706710978827e-21 1.505992605198707245e+07
4.133916530268914975e+20 9.189467253225000945e-21 1.507751710454450734e+07
4.138663667901794222e+20 9.189023594442746840e-21 1.509510848010097072e+07
4.143410848143620833e+20 9.188580728023537555e-21 1.511270017811089568e+07
4.148158070922755441e+20 9.188138651636269615e-21 1.513029219803025946e+07
4.152905336167752663e+20 9.187697362959380422e-21 1.514788453931654617e+07
4.157652643807372247e+20 9.187256859680785058e-21 1.516547720142877847e+07
4.162399993770573169e+20 9.186817139497832654e-21 1.518307018382749893e+07
4.167147385986507735e+20 9.186378200117256736e-21 1.520066348597474024e+07
4.171894820384529449e+20 9.185940039255127075e-21 1.521825710733405873e+07
4.176642296894187110e+20 9.185502654636801541e-21 1.523585104737049155e+07
4.181389815445226127e+20 9.185066043996867421e-21 1.525344530555058643e+07
4.186137375967587205e+20 9.184630205079115841e-21 1.527103988134236820e+07
4.190884978391402414e+20 9.184195135636466533e-21 1.528863477421533503e+07
4.195632622647001743e+20 9.183760833430945268e-21 1.530622998364047706e+07
4.200380308664905236e+20 9.183327296233619154e-21 1.532382550909024104e+07
4.205128036375824957e+20 9.182894521824562031e-21 1.534142135003854334e+07
4.209875805710666957e+20 9.182462507992795792e-21 1.535901750596075691e+07
4.214623616600523407e+20 9.182031252536255772e-21 1.537661397633370012e+07
4.219371468976681124e+20 9.181600753261739594e-21 1.539421076063565351e+07
4.224119362770612388e+20 9.181171007984860523e-21 1.541180785834632441e+07
4.228867297913978880e+20 9.180742014530003837e-21 1.542940526894685440e+07
4.233615274338632335e+20 9.180313770730280175e-21 1.544700299191983230e+07
4.238363291976607990e+20 9.179886274427486424e-21 1.546460102674925327e+07
4.243111350760129167e+20 9.179459523472050042e-21 1.548219937292054296e+07
4.247859450621604004e+20 9.179033515722998969e-21 1.549979802992052771e+07
4.252607591493625446e+20 9.178608249047902948e-21 1.551739699723745696e+07
4.257355773308972564e+20 9.178183721322843424e-21 1.553499627436097711e+07
4.262103996000603996e+20 9.177759930432360893e-21 1.555259586078212410e+07
4.266852259501664502e+20 9.177336874269415772e-21 1.557019575599333644e+07
4.271600563745479721e+20 9.176914550735343266e-21 1.558779595948843844e+07
4.276348908665554862e+20 9.176492957739814244e-21 1.560539647076262347e+07
4.281097294195579290e+20 9.176072093200787095e-21 1.562299728931247815e+07
4.285845720269419315e+20 9.175651955044474621e-21 1.564059841463594884e+07
4.290594186821122130e+20 9.175232541205292882e-21 1.565819984623235464e+07
4.295342693784911217e+20 9.174813849625825085e-21 1.567580158360235952e+07
4.300091241095191593e+20 9.174395878256777951e-21 1.569340362624800391e+07
4.304839828686543258e+20 9.173978625056942590e-21 1.571100597367266566e+07
4.309588456493722501e+20 9.173562087993153880e-21 1.572860862538106926e+07
4.314337124451661906e+20 9.173146265040246833e-21 1.574621158087928034e+07
4.319085832495470346e+20 9.172731154181020480e-21 1.576381483967470191e+07
4.323834580560429056e+20 9.172316753406191230e-21 1.578141840127605572e+07
4.328583368581996872e+20 9.171903060714359769e-21 1.579902226519340836e+07
4.333332196495800402e+20 9.171490074111971936e-21 1.581662643093812466e+07
4.338081064237643858e+20 9.171077791613273590e-21 1.583423089802289568e+07
4.342829971743501189e+20 9.170666211240275996e-21 1.585183566596172191e+07
4.347578918949517394e+20 9.170255331022715206e-21 1.586944073426990584e+07
4.352327905792009830e+20 9.169845148998012933e-21 1.588704610246405192e+07
4.357076932207464284e+20 9.169435663211238944e-21 1.590465177006205916e+07
4.361825998132536934e+20 9.169026871715076441e-21 1.592225773658312112e+07
4.366575103504050422e+20 9.168618772569778440e-21 1.593986400154769979e+07
4.371324248258999091e+20 9.168211363843130143e-21 1.595747056447756290e+07
4.376073432334543749e+20 9.167804643610417350e-21 1.597507742489573732e+07
4.380822655668009697e+20 9.167398609954384325e-21 1.599268458232652396e+07
4.385571918196891320e+20 9.166993260965199189e-21 1.601029203629549593e+07
4.390321219858846188e+20 9.166588594740414801e-21 1.602789978632947430e+07
4.395070560591699640e+20 9.166184609384935657e-21 1.604550783195655234e+07
4.399819940333440860e+20 9.165781303010975756e-21 1.606311617270607315e+07
4.404569359022219592e+20 9.165378673738030019e-21 1.608072480810861290e+07
4.409318816596354007e+20 9.164976719692833657e-21 1.609833373769601248e+07
4.414068312994320220e+20 9.164575439009326063e-21 1.611594296100133285e+07
4.418817848154759496e+20 9.164174829828617711e-21 1.613355247755888104e+07
4.423567422016472351e+20 9.163774890298954043e-21 1.615116228690418415e+07
4.428317034518422487e+20 9.163375618575680862e-21 1.616877238857400045e+07
4.433066685599732204e+20 9.162977012821208223e-21 1.618638278210631199e+07
4.437816375199681741e+20 9.162579071204975825e-21 1.620399346704030037e+07
4.442566103257714524e+20 9.162181791903421415e-21 1.622160444291637279e+07
4.447315869713431265e+20 9.161785173099943169e-21 1.623921570927614532e+07
4.452065674506586685e+20 9.161389212984868099e-21 1.625682726566242054e+07
4.456815517577098035e+20 9.160993909755412929e-21 1.627443911161921732e+07
4.461565398865036575e+20 9.160599261615661529e-21 1.629205124669173732e+07
4.466315318310629540e+20 9.160205266776519770e-21 1.630966367042636871e+07
4.471065275854262108e+20 9.159811923455688449e-21 1.632727638237070106e+07
4.475815271436470190e+20 9.159419229877631685e-21 1.634488938207347691e+07
4.480565304997949604e+20 9.159027184273537801e-21 1.636250266908464581e+07
4.485315376479545590e+20 9.158635784881292241e-21 1.638011624295530282e+07
4.490065485822259364e+20 9.158245029945444467e-21 1.639773010323772766e+07
4.494815632967243530e+20 9.157854917717171849e-21 1.641534424948536046e+07
4.499565817855804047e+20 9.157465446454251075e-21 1.643295868125279248e+07
4.504316040429398262e+20 9.157076614421029566e-21 1.645057339809577912e+07
4.509066300629632942e+20 9.156688419888383344e-21 1.646818839957122132e+07
4.513816598398267556e+20 9.156300861133697472e-21 1.648580368523716927e+07
4.518566933677212303e+20 9.155913936440828438e-21 1.650341925465281308e+07
4.523317306408524186e+20 9.155527644100069550e-21 1.652103510737849027e+07
4.528067716534411592e+20 9.155141982408129870e-21 1.653865124297565222e+07
4.532818163997228401e+20 9.154756949668095094e-21 1.655626766100689769e+07
4.537568648739480535e+20 9.154372544189401972e-21 1.657388436103595234e+07
4.542319170703818752e+20 9.153988764287800693e-21 1.659150134262765571e+07
4.547069729833039954e+20 9.153605608285338336e-21 1.660911860534796491e+07
4.551820326070090465e+20 9.153223074510313726e-21 1.662673614876396023e+07
4.556570959358058168e+20 9.152841161297254870e-21 1.664435397244381905e+07
4.561321629640179057e+20 9.152459866986888863e-21 1.666197207595683634e+07
4.566072336859835269e+20 9.152079189926116305e-21 1.667959045887340233e+07
4.570823080960549192e+20 9.151699128467972186e-21 1.669720912076500803e+07
4.575573861885989356e+20 9.151319680971603314e-21 1.671482806120423786e+07
4.580324679579966505e+20 9.150940845802238222e-21 1.673244727976476029e+07
4.585075533986436219e+20 9.150562621331163096e-21 1.675006677602134831e+07
4.589826425049494979e+20 9.150185005935682651e-21 1.676768654954983667e+07
4.594577352713378202e+20 9.149807997999097565e-21 1.678530659992714599e+07
4.599328316922468762e+20 9.149431595910677395e-21 1.680292692673128098e+07
4.604079317621283226e+20 9.149055798065631985e-21 1.682054752954130247e+07
4.608830354754484306e+20 9.148680602865079876e-21 1.683816840793734789e+07
4.613581428266870374e+20 9.148306008716027233e-21 1.685578956150062010e+07
4.618332538103380705e+20 9.147932014031328732e-21 1.687341098981337249e+07
4.623083684209092854e+20 9.147558617229672509e-21 1.689103269245891273e+07
4.627834866529223967e+20 9.147185816735545553e-21 1.690865466902161390e+07
4.632586085009126195e+20 9.146813610979209635e-21 1.692627691908688471e+07
4.637337339594292593e+20 9.146441998396669711e-21 1.694389944224119931e+07
4.642088630230348595e+20 9.146070977429654357e-21 1.696152223807203770e+07
4.646839956863060541e+20 9.145700546525582673e-21 1.697914530616795272e+07
4.651591319438325842e+20 9.145330704137538698e-21 1.699676864611850679e+07
4.656342717902181499e+20 9.144961448724247342e-21 1.701439225751430169e+07
4.661094152200798208e+20 9.144592778750047298e-21 1.703201613994697109e+07
4.665845622280478392e+20 9.144224692684863964e-21 1.704964029300915450e+07
4.670597128087663411e+20 9.143857189004182351e-21 1.706726471629453078e+07
